3
FanCeiling_01
-1
0.000000 0.000000 0.000000 0 0 0 1
Bone_Body
0
0.000000 0.000000 0.000000 0 0 0 1
Bone_Blade
1
0.000000 0.000000 -0.606214 0 0 0 1
3
sm_0
2
1
texture
0
314
0.475509 -0.60979 -0.585772
0.421875 0.859375 -0.25
255 255 255 213
0.637928 -0.938795
0.798029 0.16419
2 2 2 2
1 0 0 0
0.47029 -0.611377 -0.600177
0.421875 0.859375 -0.25
255 255 255 213
0.635304 -0.946013
0.790155 0.144505
2 2 2 2
1 0 0 0
0.53264 -0.642903 -0.580462
-0.648438 -0.742188 -0.125
255 255 255 213
0.687796 -0.652059
0.893169 0.85249
2 2 2 2
1 0 0 0
0.396741 -0.573351 -0.593799
0.421875 0.859375 -0.25
255 255 255 202
0.59528 -0.938795
0.660238 0.155003
2 2 2 2
1 0 0 0
0.472396 -0.591907 -0.59682
-0.632813 -0.773438 0.070313
255 255 255 213
0.648426 -0.655339
0.773094 0.854458
2 2 2 2
1 0 0 0
0.484268 -0.600238 -0.582812
-0.632813 -0.773438 0.070313
255 255 255 213
0.657614 -0.657964
0.800654 0.869549
2 2 2 2
1 0 0 0
0.533372 -0.641408 -0.593829
-0.632813 -0.773438 0.070313
255 255 255 213
0.685827 -0.645497
0.885296 0.834116
2 2 2 2
1 0 0 0
0.484268 -0.600238 -0.582812
-0.242188 -0.90625 -0.34375
255 255 255 213
0.657614 -0.657964
0.800654 0.869549
2 2 2 2
1 0 0 0
0.398969 -0.569903 -0.606311
-0.242188 -0.921875 -0.296875
255 255 255 202
0.618244 -0.678305
0.69042 0.916792
2 2 2 2
1 0 0 0
0.396741 -0.573351 -0.593799
-0.242188 -0.921875 -0.296875
255 255 255 202
0.622181 -0.683554
0.667456 0.889889
2 2 2 2
1 0 0 0
0.524308 -0.660207 -0.597888
0.632813 0.6875 -0.3125
255 255 255 213
0.67008 -0.950605
0.904324 0.137943
2 2 2 2
1 0 0 0
0.47029 -0.611377 -0.600177
0.632813 0.6875 -0.3125
255 255 255 213
0.635304 -0.946013
0.790155 0.144505
2 2 2 2
1 0 0 0
0.475509 -0.60979 -0.585772
0.632813 0.6875 -0.3125
255 255 255 213
0.637928 -0.938795
0.798029 0.16419
2 2 2 2
1 0 0 0
0.472396 -0.591907 -0.59682
-0.242188 -0.921875 -0.296875
255 255 255 213
0.648426 -0.655339
0.773094 0.854458
2 2 2 2
1 0 0 0
0.524308 -0.660207 -0.584185
0.710938 0.6875 0
255 255 255 213
0.671392 -0.944044
0.907606 0.156315
2 2 2 2
1 0 0 0
0.475509 -0.60979 -0.585772
0.710938 0.6875 0
255 255 255 213
0.637928 -0.938795
0.798029 0.16419
2 2 2 2
1 0 0 0
0.524308 -0.660207 -0.597888
0.710938 0.6875 0
255 255 255 213
0.67008 -0.950605
0.904324 0.137943
2 2 2 2
1 0 0 0
0.399274 -0.689749 -0.625111
0.171875 0.148438 -0.96875
255 255 255 213
0.665487 -0.71308
0.82165 1.013245
2 2 2 2
1 0 0 0
0.427015 -0.701163 -0.622089
0.171875 0.15625 -0.96875
255 255 255 213
0.677298 -0.705863
0.866924 0.99028
2 2 2 2
1 0 0 0
0.478408 -0.693777 -0.611499
0.171875 0.148438 -0.96875
255 255 255 213
0.689764 -0.683554
0.898418 0.931227
2 2 2 2
1 0 0 0
0.546861 -0.613453 -0.587817
0.21875 0.09375 -0.96875
255 255 255 213
0.677954 -0.632374
0.866268 0.799341
2 2 2 2
1 0 0 0
0.524308 -0.660207 -0.597888
0.171875 0.148438 -0.96875
255 255 255 213
0.69042 -0.655339
0.898418 0.857739
2 2 2 2
1 0 0 0
0.472396 -0.591907 -0.59682
0.140625 0.117188 -0.976563
255 255 255 213
0.648426 -0.655339
0.773094 0.854458
2 2 2 2
1 0 0 0
0.544389 -0.583575 -0.585315
0.132813 0.09375 -0.984375
255 255 255 213
0.666143 -0.625156
0.820993 0.768501
2 2 2 2
1 0 0 0
0.47029 -0.611377 -0.600177
0.15625 0.125 -0.976563
255 255 255 213
0.655644 -0.662557
0.794748 0.872829
2 2 2 2
1 0 0 0
0.398969 -0.569903 -0.606311
0.164063 0.148438 -0.96875
255 255 255 202
0.618244 -0.678305
0.69042 0.916792
2 2 2 2
1 0 0 0
0.427015 -0.701163 -0.608387
-0.179688 -0.171875 0.960938
255 255 255 213
0.660238 -0.892865
0.873486 0.299357
2 2 2 2
1 0 0 0
0.533372 -0.641408 -0.593829
0.15625 0.109375 -0.976563
255 255 255 213
0.685827 -0.645497
0.885296 0.834116
2 2 2 2
1 0 0 0
0.544389 -0.583575 -0.571642
-0.210938 -0.101563 0.960938
255 255 255 213
0.647114 -0.974227
0.824274 0.059862
2 2 2 2
1 0 0 0
0.399274 -0.689749 -0.611408
-0.171875 -0.15625 0.960938
255 255 255 213
0.64777 -0.884991
0.82493 0.324289
2 2 2 2
1 0 0 0
0.809473 0.250374 -0.598682
0.0625 -0.21875 0.960938
255 255 255 213
0.671392 -1.044435
0.907606 -0.129765
2 2 2 2
1 0 0 0
0.478408 -0.693777 -0.597827
-0.179688 -0.148438 0.960938
255 255 255 213
0.672049 -0.91583
0.907606 0.23571
2 2 2 2
1 0 0 0
0.524308 -0.660207 -0.584185
-0.1875 -0.148438 0.960938
255 255 255 213
0.671392 -0.944044
0.907606 0.156315
2 2 2 2
1 0 0 0
0.475509 -0.60979 -0.585772
-0.179688 -0.148438 0.960938
255 255 255 213
0.637928 -0.938795
0.798029 0.16419
2 2 2 2
1 0 0 0
0.546861 -0.613453 -0.574114
-0.171875 -0.109375 0.96875
255 255 255 213
0.659582 -0.966353
0.873486 0.092669
2 2 2 2
1 0 0 0
0.53264 -0.642903 -0.580462
-0.164063 -0.132813 0.96875
255 255 255 213
0.6668 -0.952574
0.895138 0.13335
2 2 2 2
1 0 0 0
0.396741 -0.573351 -0.593799
-0.15625 -0.109375 0.96875
255 255 255 202
0.601185 -0.917798
0.693701 0.225868
2 2 2 2
1 0 0 0
0.484268 -0.600238 -0.582812
-0.164063 -0.132813 0.96875
255 255 255 213
0.636616 -0.945356
0.794092 0.145817
2 2 2 2
1 0 0 0
0.79165 0.304361 -0.598773
-0.054688 0.210938 -0.96875
255 255 255 213
0.667456 -1.477492
0.897762 -1.433531
2 2 2 2
1 0 0 0
0.79165 0.304361 -0.58507
0.03125 -0.234375 0.960938
255 255 255 213
0.671392 -1.073305
0.907606 -0.209158
2 2 2 2
1 0 0 0
0.754112 0.340251 -0.588702
0.492188 0.859375 0
255 255 255 213
0.656958 -1.453872
0.866268 -1.492584
2 2 2 2
1 0 0 0
0.724906 0.347087 -0.5862
-0.046875 0.984375 -0.007813
255 255 255 213
0.645145 -1.445997
0.820993 -1.523423
2 2 2 2
1 0 0 0
0.724906 0.347087 -0.572497
-0.054688 0.984375 -0.007813
255 255 255 213
0.64777 -1.440092
0.824274 -1.533265
2 2 2 2
1 0 0 0
0.809473 0.250374 -0.612384
-0.09375 0.210938 -0.96875
255 255 255 213
0.6668 -1.505707
0.898418 -1.360699
2 2 2 2
1 0 0 0
0.800653 0.199194 -0.609272
0.90625 -0.398438 0
255 255 255 213
0.660894 -1.531297
0.873486 -1.293771
2 2 2 2
1 0 0 0
0.754112 0.340251 -0.574999
0.445313 0.882813 0
255 255 255 213
0.661551 -1.449278
0.873486 -1.500458
2 2 2 2
1 0 0 0
0.800653 0.199194 -0.622944
0.882813 -0.445313 -0.007813
255 255 255 213
0.655644 -1.528016
0.866924 -1.301645
2 2 2 2
1 0 0 0
0.754112 0.340251 -0.574999
0.03125 -0.226563 0.960938
255 255 255 213
0.658926 -1.095614
0.873486 -0.272804
2 2 2 2
1 0 0 0
0.781274 0.176336 -0.612293
0.046875 -0.1875 0.96875
255 255 255 213
0.647114 -1.014252
0.82493 -0.041185
2 2 2 2
1 0 0 0
0.724906 0.347087 -0.572497
0.03125 -0.21875 0.960938
255 255 255 213
0.646458 -1.103488
0.824274 -0.305613
2 2 2 2
1 0 0 0
0.173254 0.10123 -0.612384
-0.945313 -0.3125 -0.007813
255 255 255 213
0.352505 -1.476836
0.008682 -1.428938
2 2 2 2
1 0 0 0
0.781274 0.176336 -0.625996
0.546875 -0.828125 -0.007813
255 255 255 213
0.644489 -1.535233
0.82165 -1.278024
2 2 2 2
1 0 0 0
0.241951 -0.001587 -0.613117
-0.015625 -0.992188 -0.007813
255 255 255 213
0.369564 -1.533265
0.053301 -1.284585
2 2 2 2
1 0 0 0
0.241951 -0.001587 -0.599414
-0.023438 -0.992188 0
255 255 255 213
0.367596 -1.53917
0.043459 -1.270806
2 2 2 2
1 0 0 0
0.809473 0.250374 -0.598682
0.984375 0.101563 0
255 255 255 213
0.673361 -1.505707
0.907606 -1.357417
2 2 2 2
1 0 0 0
0.781274 0.176336 -0.612293
0.554688 -0.820313 -0.007813
255 255 255 213
0.646458 -1.541139
0.82493 -1.268838
2 2 2 2
1 0 0 0
0.809473 0.250374 -0.612384
0.984375 0.03125 0
255 255 255 213
0.6668 -1.505707
0.898418 -1.360699
2 2 2 2
1 0 0 0
0.79165 0.304361 -0.58507
0.8125 0.554688 0
255 255 255 213
0.673361 -1.474868
0.907606 -1.436811
2 2 2 2
1 0 0 0
0.800653 0.199194 -0.622944
-0.09375 0.203125 -0.96875
255 255 255 213
0.655644 -1.528016
0.866924 -1.301645
2 2 2 2
1 0 0 0
0.173254 0.10123 -0.612384
0.007813 0.007813 -0.992188
255 255 255 213
0.352505 -1.476836
0.008682 -1.428938
2 2 2 2
1 0 0 0
0.20246 0.012726 -0.612384
-0.023438 -0.007813 -0.992188
255 255 255 213
0.354473 -1.521455
0.009338 -1.31608
2 2 2 2
1 0 0 0
0.800653 0.199194 -0.609272
0.070313 -0.203125 0.960938
255 255 255 213
0.659582 -1.02147
0.873486 -0.066118
2 2 2 2
1 0 0 0
0.20246 0.012726 -0.598682
-0.71875 -0.695313 0
255 255 255 213
0.349224 -1.524079
-0.003784 -1.306894
2 2 2 2
1 0 0 0
0.241951 -0.001587 -0.613117
-0.023438 0 -0.992188
255 255 255 213
0.369564 -1.533265
0.053301 -1.284585
2 2 2 2
1 0 0 0
0.173376 0.100894 -0.598682
-0.945313 -0.3125 -0.007813
255 255 255 213
0.345287 -1.477492
-0.00444 -1.434187
2 2 2 2
1 0 0 0
0.20246 0.012726 -0.612384
-0.710938 -0.695313 -0.007813
255 255 255 213
0.354473 -1.521455
0.009338 -1.31608
2 2 2 2
1 0 0 0
-0.243904 -0.020997 -0.61272
0.023438 -0.992188 -0.007813
255 255 255 213
0.375469 -0.514267
0.051989 1.185812
2 2 2 2
1 0 0 0
-0.795343 0.281869 -0.614185
-0.828125 0.546875 0
255 255 255 213
0.674017 -0.571352
0.898418 1.328852
2 2 2 2
1 0 0 0
-0.81283 0.22779 -0.600574
-0.992188 0.09375 0
255 255 255 213
0.674017 -0.543138
0.898418 1.255363
2 2 2 2
1 0 0 0
-0.546129 0.076846 -0.598895
-0.3125 -0.945313 0
255 255 255 213
0.529663 -0.512299
0.482422 1.174658
2 2 2 2
1 0 0 0
-0.204505 -0.006439 -0.600482
0.023438 0 0.984375
255 255 255 213
0.355129 -1.361355
-0.00444 -1.025407
2 2 2 2
1 0 0 0
-0.757988 0.317972 -0.611072
0.054688 0.203125 0.960938
255 255 255 213
0.660894 -1.297709
0.873486 -0.837092
2 2 2 2
1 0 0 0
-0.204505 -0.006439 -0.614155
-0.046875 0.007813 -0.992188
255 255 255 213
0.361034 -0.527391
0.008682 1.217962
2 2 2 2
1 0 0 0
-0.243904 -0.020997 -0.599048
0.039063 -0.007813 0.984375
255 255 255 213
0.370876 -1.374477
0.042803 -1.061495
2 2 2 2
1 0 0 0
0.79165 0.304361 -0.598773
0.851563 0.5 0
255 255 255 213
0.667456 -1.477492
0.897762 -1.433531
2 2 2 2
1 0 0 0
0.754112 0.340251 -0.588702
-0.046875 0.210938 -0.96875
255 255 255 213
0.656958 -1.453872
0.866268 -1.492584
2 2 2 2
1 0 0 0
0.781274 0.176336 -0.625996
-0.054688 0.1875 -0.976563
255 255 255 213
0.644489 -1.535233
0.82165 -1.278024
2 2 2 2
1 0 0 0
0.724906 0.347087 -0.5862
-0.039063 0.203125 -0.976563
255 255 255 213
0.645145 -1.445997
0.820993 -1.523423
2 2 2 2
1 0 0 0
0.263131 0.194769 -0.607379
0.03125 0.023438 -0.992188
255 255 255 213
0.408934 -1.445997
0.162878 -1.506363
2 2 2 2
1 0 0 0
0.195044 0.140568 -0.611286
-0.007813 0.03125 -0.992188
255 255 255 213
0.368252 -1.461089
0.051989 -1.466994
2 2 2 2
1 0 0 0
0.027985 0.848079 -0.612384
-0.226563 0.265625 -0.929688
255 255 255 213
0.671392 -1.859371
0.898418 -2.345576
2 2 2 2
1 0 0 0
-0.028871 0.848079 -0.598773
-0.273438 0.148438 -0.945313
255 255 255 213
0.67008 -1.831813
0.897762 -2.418408
2 2 2 2
1 0 0 0
-0.074709 0.823664 -0.574999
-0.703125 0.703125 0
255 255 255 213
0.662207 -1.804255
0.873486 -2.485336
2 2 2 2
1 0 0 0
-0.074709 0.823664 -0.588702
-0.664063 0.734375 0
255 255 255 213
0.657614 -1.809504
0.866268 -2.477462
2 2 2 2
1 0 0 0
0.041231 0.822962 -0.622944
-0.265625 -0.234375 -0.929688
255 255 255 213
0.660238 -1.868557
0.862331 -2.321299
2 2 2 2
1 0 0 0
-0.064364 0.19718 -0.612384
0 0.039063 -0.992188
255 255 255 213
0.357098 -1.825251
0.008682 -2.456466
2 2 2 2
1 0 0 0
0.063479 0.19718 -0.612384
-0.015625 -0.007813 -0.992188
255 255 255 213
0.359066 -1.886272
0.009338 -2.300959
2 2 2 2
1 0 0 0
-0.074709 0.823664 -0.588702
-0.234375 0.023438 -0.96875
255 255 255 213
0.657614 -1.809504
0.866268 -2.477462
2 2 2 2
1 0 0 0
-0.636555 0.129795 -0.585742
-0.507813 -0.859375 0
255 255 255 213
0.580187 -0.520829
0.619556 1.196966
2 2 2 2
1 0 0 0
-0.545976 0.076785 -0.585223
-0.507813 -0.859375 0
255 255 255 213
0.531632 -0.506393
0.481766 1.162848
2 2 2 2
1 0 0 0
-0.546129 0.076846 -0.598895
-0.046875 0 -0.992188
255 255 255 213
0.529663 -0.512299
0.482422 1.174658
2 2 2 2
1 0 0 0
-0.746483 0.141697 -0.58974
-0.078125 -0.195313 -0.976563
255 255 255 213
0.632679 -0.511643
0.767845 1.16744
2 2 2 2
1 0 0 0
-0.745323 0.141301 -0.576098
-0.3125 -0.945313 -0.007813
255 255 255 213
0.633335 -0.504425
0.769157 1.156942
2 2 2 2
1 0 0 0
-0.645405 0.138707 -0.594287
-0.046875 -0.164063 -0.984375
255 255 255 213
0.585436 -0.526078
0.63596 1.20812
2 2 2 2
1 0 0 0
-0.746483 0.141697 -0.58974
-0.3125 -0.945313 -0.007813
255 255 255 213
0.632679 -0.511643
0.767845 1.16744
2 2 2 2
1 0 0 0
-0.745323 0.141301 -0.576098
0.101563 0.1875 0.960938
255 255 255 213
0.62743 -1.37907
0.768501 -1.07593
2 2 2 2
1 0 0 0
0.263131 0.194769 -0.607379
-0.585938 0.703125 0.382813
255 255 255 213
0.406965 -1.106769
0.147129 -0.308893
2 2 2 2
1 0 0 0
-0.645405 0.138707 -0.594287
-0.140625 -0.75 -0.640625
255 255 255 213
0.585436 -0.526078
0.63596 1.20812
2 2 2 2
1 0 0 0
-0.745323 0.141301 -0.576098
-0.140625 -0.75 -0.640625
255 255 255 213
0.630711 -0.505737
0.76194 1.149723
2 2 2 2
1 0 0 0
-0.636555 0.129795 -0.585742
-0.140625 -0.75 -0.640625
255 255 255 213
0.580187 -0.520829
0.619556 1.196966
2 2 2 2
1 0 0 0
-0.645405 0.138707 -0.594287
-0.515625 -0.796875 -0.304688
255 255 255 213
0.585436 -0.526078
0.63596 1.20812
2 2 2 2
1 0 0 0
-0.645405 0.138707 -0.594287
-0.03125 -0.992188 -0.03125
255 255 255 213
0.585436 -0.526078
0.63596 1.20812
2 2 2 2
1 0 0 0
-0.636555 0.129795 -0.585742
-0.515625 -0.796875 -0.304688
255 255 255 213
0.580187 -0.520829
0.619556 1.196966
2 2 2 2
1 0 0 0
-0.546129 0.076846 -0.598895
-0.515625 -0.796875 -0.304688
255 255 255 213
0.529663 -0.512299
0.482422 1.174658
2 2 2 2
1 0 0 0
0.041231 0.822962 -0.609272
0.71875 0.671875 0
255 255 255 213
0.666143 -1.871838
0.905636 -2.310801
2 2 2 2
1 0 0 0
-0.064364 0.19718 -0.598682
0.007813 -0.03125 0.984375
255 255 255 213
0.355129 -1.220939
-0.003784 -0.627125
2 2 2 2
1 0 0 0
-0.028871 0.848079 -0.58507
0.226563 -0.039063 0.960938
255 255 255 213
0.672049 -1.205192
0.907606 -0.581195
2 2 2 2
1 0 0 0
0.027985 0.848079 -0.598682
0.265625 -0.226563 0.921875
255 255 255 213
0.672705 -1.176977
0.907606 -0.501801
2 2 2 2
1 0 0 0
-0.090365 0.230201 -0.597247
-0.945313 -0.320313 0
255 255 255 213
0.368908 -1.807535
0.042803 -2.502396
2 2 2 2
1 0 0 0
-0.090365 0.230201 -0.61092
-0.9375 -0.335938 0
255 255 255 213
0.371532 -1.812128
0.052645 -2.487961
2 2 2 2
1 0 0 0
0.041231 0.822962 -0.609272
0.234375 0.117188 0.953125
255 255 255 213
0.660238 -1.169103
0.870205 -0.477524
2 2 2 2
1 0 0 0
-0.074709 0.823664 -0.574999
0.273438 -0.09375 0.945313
255 255 255 213
0.660238 -1.228156
0.873486 -0.644841
2 2 2 2
1 0 0 0
-0.545976 0.076785 -0.585223
0.03125 0.046875 0.984375
255 255 255 213
0.52507 -1.377102
0.479797 -1.070024
2 2 2 2
1 0 0 0
-0.636555 0.129795 -0.585742
0.046875 0.148438 0.976563
255 255 255 213
0.575594 -1.366604
0.620869 -1.039842
2 2 2 2
1 0 0 0
-0.746483 0.141697 -0.58974
-0.03125 -0.992188 -0.03125
255 255 255 213
0.632679 -0.511643
0.767845 1.16744
2 2 2 2
1 0 0 0
-0.745323 0.141301 -0.576098
-0.03125 -0.992188 -0.03125
255 255 255 213
0.630711 -0.505737
0.76194 1.149723
2 2 2 2
1 0 0 0
0.063479 0.19718 -0.598682
0 0.015625 0.984375
255 255 255 213
0.355129 -1.158605
-0.003784 -0.451277
2 2 2 2
1 0 0 0
0.041231 0.822962 -0.622944
0.664063 0.734375 0
255 255 255 213
0.660238 -1.868557
0.862331 -2.321299
2 2 2 2
1 0 0 0
-0.090365 0.79809 -0.5862
-0.960938 0.265625 0
255 255 255 213
0.646458 -1.80163
0.820993 -2.508301
2 2 2 2
1 0 0 0
-0.090365 0.79809 -0.572497
-0.960938 0.257813 0
255 255 255 213
0.64777 -1.795068
0.824274 -2.518144
2 2 2 2
1 0 0 0
0.065401 -0.189459 -0.611499
0 0.007813 -0.992188
255 255 255 213
0.376125 -0.699301
0.009338 0.975189
2 2 2 2
1 0 0 0
0.063906 -0.231452 -0.612232
0.039063 0.007813 -0.992188
255 255 255 213
0.39056 -0.711768
0.053301 1.007339
2 2 2 2
1 0 0 0
0.544389 -0.583575 -0.571642
0.921875 0.34375 0
255 255 255 213
0.667456 -0.618595
0.824274 0.758003
2 2 2 2
1 0 0 0
0.209052 -0.125248 -0.596362
0.570313 0.804688 0
255 255 255 213
0.388592 -0.619251
0.043459 0.773094
2 2 2 2
1 0 0 0
0.524308 -0.660207 -0.597888
0.578125 -0.804688 0
255 255 255 213
0.69042 -0.655339
0.898418 0.857739
2 2 2 2
1 0 0 0
0.544389 -0.583575 -0.585315
0.929688 0.335938 0
255 255 255 213
0.666143 -0.625156
0.820993 0.768501
2 2 2 2
1 0 0 0
0.209052 -0.125248 -0.610065
0.554688 0.820313 0
255 255 255 213
0.39056 -0.625156
0.052645 0.788187
2 2 2 2
1 0 0 0
0.524308 -0.660207 -0.584185
0.578125 -0.804688 0
255 255 255 213
0.697638 -0.654683
0.907606 0.855114
2 2 2 2
1 0 0 0
0.063906 -0.231452 -0.59856
-0.953125 -0.289063 0
255 255 255 213
0.387936 -0.717017
0.043459 1.021118
2 2 2 2
1 0 0 0
0.399274 -0.689749 -0.611408
-0.609375 -0.789063 0
255 255 255 213
0.667456 -0.718986
0.82493 1.023087
2 2 2 2
1 0 0 0
0.399274 -0.689749 -0.625111
-0.625 -0.78125 0
255 255 255 213
0.665487 -0.71308
0.82165 1.013245
2 2 2 2
1 0 0 0
0.063906 -0.231452 -0.612232
-0.953125 -0.296875 0
255 255 255 213
0.39056 -0.711768
0.053301 1.007339
2 2 2 2
1 0 0 0
0.168584 -0.113956 -0.611499
0.023438 -0.039063 -0.992188
255 255 255 213
0.376125 -0.637623
0.008682 0.820337
2 2 2 2
1 0 0 0
-0.30015 0.110172 -0.60332
0.195313 0.664063 0.703125
255 255 255 193
0.609058 0.492264
0.609058 0.492264
2 2 2 2
1 0 0 0
0.168584 -0.113956 -0.597797
-0.03125 0.015625 0.984375
255 255 255 213
0.354473 -0.955855
-0.003784 0.111042
2 2 2 2
1 0 0 0
0.209052 -0.125248 -0.610065
0.023438 -0.03125 -0.992188
255 255 255 213
0.39056 -0.625156
0.052645 0.788187
2 2 2 2
1 0 0 0
0.144444 0.066744 -0.61037
-0.171875 0.578125 -0.789063
255 255 255 193
1.188437 0.718634
1.188437 0.718634
2 2 2 2
1 0 0 0
0.299173 0.113498 -0.608936
-0.171875 0.5625 -0.796875
255 255 255 193
1.185812 0.569033
1.185812 0.569033
2 2 2 2
1 0 0 0
0.18009 -0.264107 -0.60332
-0.546875 -0.4375 0.703125
255 255 255 193
0.746193 0.179281
0.746193 0.179281
2 2 2 2
1 0 0 0
0.15595 0.032624 -0.609272
0.28125 -0.75 -0.59375
255 255 255 193
1.155628 0.717978
1.155628 0.717978
2 2 2 2
1 0 0 0
0.143864 0.068453 -0.603015
-0.226563 0.757813 0.585938
255 255 255 193
1.183187 0.718634
1.183187 0.718634
2 2 2 2
1 0 0 0
0.080325 -0.137394 -0.602496
-0.554688 -0.445313 0.695313
255 255 255 193
0.756691 0.030334
0.756691 0.030334
2 2 2 2
1 0 0 0
0.080325 -0.137394 -0.602496
-0.554688 -0.445313 0.695313
255 255 255 193
0.703543 0.029022
0.703543 0.029022
2 2 2 2
1 0 0 0
0.306833 0.090762 -0.602985
0.210938 -0.554688 0.789063
255 255 255 193
1.200247 0.568377
1.200247 0.568377
2 2 2 2
1 0 0 0
-0.054567 -0.235359 -0.61092
0.023438 -0.03125 -0.992188
255 255 255 213
0.377438 -1.620533
0.052645 -2.10477
2 2 2 2
1 0 0 0
0.427015 -0.701163 -0.622089
-0.15625 -0.984375 0
255 255 255 213
0.677298 -0.705863
0.866924 0.99028
2 2 2 2
1 0 0 0
0.065401 -0.189459 -0.597797
0.007813 -0.023438 0.984375
255 255 255 213
0.355129 -0.894177
-0.003784 0.286234
2 2 2 2
1 0 0 0
-0.200293 -0.129978 -0.613117
0.015625 0.007813 -0.992188
255 255 255 213
0.376782 -1.707145
0.053301 -1.885616
2 2 2 2
1 0 0 0
0.533372 -0.641408 -0.593829
0.890625 -0.4375 -0.007813
255 255 255 213
0.685827 -0.645497
0.885296 0.834116
2 2 2 2
1 0 0 0
0.546861 -0.613453 -0.587817
0.96875 -0.210938 -0.007813
255 255 255 213
0.677954 -0.632374
0.866268 0.799341
2 2 2 2
1 0 0 0
0.427015 -0.701163 -0.608387
-0.101563 -0.992188 0
255 255 255 213
0.682547 -0.709144
0.873486 0.998154
2 2 2 2
1 0 0 0
0.53264 -0.642903 -0.580462
0.890625 -0.4375 -0.007813
255 255 255 213
0.691076 -0.640904
0.895138 0.831492
2 2 2 2
1 0 0 0
0.478408 -0.693777 -0.597827
0.398438 -0.90625 0
255 255 255 213
0.695669 -0.68421
0.907606 0.933851
2 2 2 2
1 0 0 0
0.478408 -0.693777 -0.611499
0.335938 -0.9375 0
255 255 255 213
0.689764 -0.683554
0.898418 0.931227
2 2 2 2
1 0 0 0
0.065401 -0.189459 -0.597797
-0.882813 0.460938 0
255 255 255 213
0.370876 -0.701269
-0.003784 0.985031
2 2 2 2
1 0 0 0
0.168584 -0.113956 -0.597797
-0.179688 0.976563 0
255 255 255 213
0.370876 -0.635654
-0.003784 0.809183
2 2 2 2
1 0 0 0
0.168584 -0.113956 -0.611499
-0.1875 0.96875 0
255 255 255 213
0.376125 -0.637623
0.008682 0.820337
2 2 2 2
1 0 0 0
0.065401 -0.189459 -0.611499
-0.882813 0.460938 0
255 255 255 213
0.376125 -0.699301
0.009338 0.975189
2 2 2 2
1 0 0 0
0.15537 0.034333 -0.601886
0.210938 -0.570313 0.78125
255 255 255 193
1.208776 0.717978
1.208776 0.717978
2 2 2 2
1 0 0 0
0.298746 0.114689 -0.603778
-0.226563 0.75 0.601563
255 255 255 193
1.179907 0.569033
1.179907 0.569033
2 2 2 2
1 0 0 0
-0.387341 -0.695547 -0.5862
0.148438 -0.164063 -0.96875
255 255 255 213
0.653019 -1.620533
0.820993 -2.124454
2 2 2 2
1 0 0 0
-0.533067 -0.590197 -0.625996
0.148438 -0.125 -0.976563
255 255 255 213
0.651707 -1.709769
0.82165 -1.879711
2 2 2 2
1 0 0 0
0.027985 0.848079 -0.612384
0.601563 0.78125 0
255 255 255 213
0.671392 -1.859371
0.898418 -2.345576
2 2 2 2
1 0 0 0
0.027985 0.848079 -0.598682
0.40625 0.898438 0
255 255 255 213
0.677298 -1.859371
0.907606 -2.342296
2 2 2 2
1 0 0 0
0.08948 0.230201 -0.599414
0.929688 -0.335938 0
255 255 255 213
0.372189 -1.903333
0.043459 -2.255684
2 2 2 2
1 0 0 0
0.08948 0.79809 -0.612293
0.84375 0.515625 0
255 255 255 213
0.651707 -1.896115
0.82493 -2.253716
2 2 2 2
1 0 0 0
0.08948 0.230201 -0.599414
0.007813 0.015625 0.984375
255 255 255 213
0.371532 -1.146138
0.043459 -0.41519
2 2 2 2
1 0 0 0
-0.090365 0.79809 -0.572497
0.234375 -0.03125 0.960938
255 255 255 213
0.64777 -1.235374
0.824274 -0.677649
2 2 2 2
1 0 0 0
-0.090365 0.230201 -0.597247
0.03125 -0.007813 0.984375
255 255 255 213
0.371532 -1.233405
0.042803 -0.661901
2 2 2 2
1 0 0 0
0.08948 0.79809 -0.612293
0.179688 0.039063 0.96875
255 255 255 213
0.64777 -1.146138
0.82493 -0.413221
2 2 2 2
1 0 0 0
0.263131 0.194769 -0.607379
-0.3125 0.9375 0
255 255 255 213
0.408934 -1.445997
0.162878 -1.506363
2 2 2 2
1 0 0 0
0.173254 0.10123 -0.612384
-0.835938 0.445313 0.304688
255 255 255 213
0.350536 -1.076586
-0.016251 -0.22097
2 2 2 2
1 0 0 0
0.264779 0.195288 -0.593616
0.007813 -0.0625 0.984375
255 255 255 213
0.410902 -1.100863
0.157629 -0.293146
2 2 2 2
1 0 0 0
0.264779 0.195288 -0.593616
-0.3125 0.9375 0
255 255 255 213
0.410246 -1.439436
0.157629 -1.520799
2 2 2 2
1 0 0 0
0.241951 -0.001587 -0.599414
0.007813 -0.023438 0.984375
255 255 255 213
0.370876 -1.013596
0.043459 -0.043154
2 2 2 2
1 0 0 0
0.173376 0.100894 -0.598682
-0.03125 -0.015625 0.984375
255 255 255 213
0.354473 -1.071337
-0.00444 -0.206533
2 2 2 2
1 0 0 0
0.20246 0.012726 -0.598682
0.007813 -0.007813 0.984375
255 255 255 213
0.354473 -1.026063
-0.003784 -0.079241
2 2 2 2
1 0 0 0
0.196967 0.134739 -0.597675
-0.03125 -0.023438 0.984375
255 255 255 213
0.37022 -1.083148
0.042803 -0.240654
2 2 2 2
1 0 0 0
0.396741 -0.573351 -0.593799
0.453125 0.820313 0.304688
255 255 255 202
0.59528 -0.938795
0.660238 0.155003
2 2 2 2
1 0 0 0
0.195044 0.140568 -0.611286
-0.585938 0.703125 0.382813
255 255 255 213
0.367596 -1.089709
0.036898 -0.260338
2 2 2 2
1 0 0 0
0.264779 0.195288 -0.593616
-0.664063 0.734375 0.046875
255 255 255 213
0.410902 -1.100863
0.157629 -0.293146
2 2 2 2
1 0 0 0
0.196967 0.134739 -0.597675
-0.585938 0.703125 0.382813
255 255 255 213
0.37022 -1.083148
0.042803 -0.240654
2 2 2 2
1 0 0 0
0.196967 0.134739 -0.597675
-0.835938 0.445313 0.304688
255 255 255 213
0.37022 -1.083148
0.042803 -0.240654
2 2 2 2
1 0 0 0
0.173376 0.100894 -0.598682
-0.820313 0.5625 0.015625
255 255 255 213
0.354473 -1.071337
-0.00444 -0.206533
2 2 2 2
1 0 0 0
0.196967 0.134739 -0.597675
-0.820313 0.5625 0.015625
255 255 255 213
0.37022 -1.083148
0.042803 -0.240654
2 2 2 2
1 0 0 0
0.195044 0.140568 -0.611286
-0.835938 0.445313 0.304688
255 255 255 213
0.367596 -1.089709
0.036898 -0.260338
2 2 2 2
1 0 0 0
0.08948 0.230201 -0.613117
0.9375 -0.328125 0
255 255 255 213
0.374157 -1.898084
0.053301 -2.269464
2 2 2 2
1 0 0 0
0.063479 0.19718 -0.598682
0.429688 -0.898438 0
255 255 255 213
0.353817 -1.888897
-0.003784 -2.291772
2 2 2 2
1 0 0 0
-0.028871 0.848079 -0.58507
-0.273438 0.953125 0
255 255 255 213
0.675985 -1.828532
0.907606 -2.42169
2 2 2 2
1 0 0 0
-0.028871 0.848079 -0.598773
-0.210938 0.96875 0
255 255 255 213
0.67008 -1.831813
0.897762 -2.418408
2 2 2 2
1 0 0 0
-0.090365 0.79809 -0.5862
-0.21875 0.039063 -0.96875
255 255 255 213
0.646458 -1.80163
0.820993 -2.508301
2 2 2 2
1 0 0 0
-0.090365 0.230201 -0.61092
-0.039063 0 -0.992188
255 255 255 213
0.371532 -1.812128
0.052645 -2.487961
2 2 2 2
1 0 0 0
-0.064364 0.19718 -0.612384
-0.429688 -0.898438 0
255 255 255 213
0.357098 -1.825251
0.008682 -2.456466
2 2 2 2
1 0 0 0
-0.064364 0.19718 -0.598682
-0.445313 -0.890625 0
255 255 255 213
0.351849 -1.823282
-0.003784 -2.466964
2 2 2 2
1 0 0 0
0.398969 -0.569903 -0.606311
0.453125 0.820313 0.304688
255 255 255 202
0.59528 -0.9447
0.658926 0.137287
2 2 2 2
1 0 0 0
0.47029 -0.611377 -0.600177
0.453125 0.820313 0.304688
255 255 255 213
0.635304 -0.946013
0.790155 0.144505
2 2 2 2
1 0 0 0
0.173254 0.10123 -0.612384
-0.820313 0.5625 0.015625
255 255 255 213
0.350536 -1.076586
-0.016251 -0.22097
2 2 2 2
1 0 0 0
0.263131 0.194769 -0.607379
-0.664063 0.734375 0.046875
255 255 255 213
0.406965 -1.106769
0.147129 -0.308893
2 2 2 2
1 0 0 0
0.063479 0.19718 -0.612384
0.429688 -0.898438 0
255 255 255 213
0.359066 -1.886272
0.009338 -2.300959
2 2 2 2
1 0 0 0
0.08948 0.79809 -0.625996
0.84375 0.507813 0
255 255 255 213
0.649082 -1.891522
0.82165 -2.262901
2 2 2 2
1 0 0 0
0.08948 0.230201 -0.613117
-0.015625 -0.023438 -0.992188
255 255 255 213
0.374157 -1.898084
0.053301 -2.269464
2 2 2 2
1 0 0 0
0.08948 0.79809 -0.625996
-0.203125 -0.046875 -0.976563
255 255 255 213
0.649082 -1.891522
0.82165 -2.262901
2 2 2 2
1 0 0 0
-0.784234 0.153905 -0.588
-0.554688 -0.828125 0
255 255 255 213
0.651707 -0.511643
0.820993 1.166128
2 2 2 2
1 0 0 0
-0.795343 0.281869 -0.600482
0.070313 0.210938 0.960938
255 255 255 213
0.672049 -1.321329
0.907606 -0.900739
2 2 2 2
1 0 0 0
-0.803736 0.176672 -0.590503
-0.90625 -0.40625 0
255 255 255 213
0.663519 -0.519517
0.866268 1.196966
2 2 2 2
1 0 0 0
-0.784234 0.153905 -0.574297
-0.554688 -0.828125 0
255 255 255 213
0.654331 -0.505737
0.824274 1.155628
2 2 2 2
1 0 0 0
-0.795343 0.281869 -0.614185
-0.0625 -0.226563 -0.96875
255 255 255 213
0.674017 -0.571352
0.898418 1.328852
2 2 2 2
1 0 0 0
-0.387341 -0.695547 -0.572497
0.617188 -0.78125 0
255 255 255 213
0.654987 -1.614628
0.824274 -2.134953
2 2 2 2
1 0 0 0
-0.054567 -0.235359 -0.61092
0.945313 -0.28125 -0.007813
255 255 255 213
0.377438 -1.620533
0.052645 -2.10477
2 2 2 2
1 0 0 0
-0.387341 -0.695547 -0.5862
0.609375 -0.78125 0
255 255 255 213
0.653019 -1.620533
0.820993 -2.124454
2 2 2 2
1 0 0 0
-0.054567 -0.235359 -0.597247
0.945313 -0.296875 -0.007813
255 255 255 213
0.375469 -1.615284
0.042803 -2.119862
2 2 2 2
1 0 0 0
-0.512528 -0.666738 -0.598682
-0.742188 -0.671875 0
255 255 255 213
0.680578 -1.679586
0.907606 -1.959105
2 2 2 2
1 0 0 0
-0.466445 -0.700034 -0.598773
-0.40625 -0.914063 0
255 255 255 213
0.675329 -1.651372
0.897762 -2.035218
2 2 2 2
1 0 0 0
-0.466445 -0.700034 -0.58507
-0.34375 -0.9375 0
255 255 255 213
0.680578 -1.648747
0.907606 -2.037843
2 2 2 2
1 0 0 0
-0.512528 -0.666738 -0.612384
-0.78125 -0.617188 0
255 255 255 213
0.674673 -1.679586
0.898418 -1.96173
2 2 2 2
1 0 0 0
-0.533067 -0.590197 -0.625996
-0.929688 0.34375 -0.007813
255 255 255 213
0.651707 -1.709769
0.82165 -1.879711
2 2 2 2
1 0 0 0
-0.200293 -0.129978 -0.613117
-0.578125 0.804688 0
255 255 255 213
0.376782 -1.707145
0.053301 -1.885616
2 2 2 2
1 0 0 0
-0.159887 -0.118473 -0.598682
0.171875 0.976563 0
255 255 255 213
0.357098 -1.696646
-0.003784 -1.907926
2 2 2 2
1 0 0 0
-0.159887 -0.118473 -0.612384
0.164063 0.976563 0
255 255 255 213
0.362347 -1.694677
0.009338 -1.917111
2 2 2 2
1 0 0 0
-0.803736 0.176672 -0.5768
-0.890625 -0.453125 0
255 255 255 213
0.667456 -0.514923
0.873486 1.189093
2 2 2 2
1 0 0 0
-0.165136 0.115207 -0.600482
-0.023438 0 0.984375
255 255 255 213
0.355785 -1.299021
-0.003784 -0.850215
2 2 2 2
1 0 0 0
-0.81283 0.22779 -0.600574
-0.085938 -0.210938 -0.96875
255 255 255 213
0.674017 -0.543138
0.898418 1.255363
2 2 2 2
1 0 0 0
-0.81283 0.22779 -0.586871
0.101563 0.203125 0.960938
255 255 255 213
0.672049 -1.349544
0.907606 -0.980132
2 2 2 2
1 0 0 0
-0.159887 -0.118473 -0.598682
-0.015625 -0.023438 0.984375
255 255 255 213
0.355785 -0.781976
-0.003784 0.605122
2 2 2 2
1 0 0 0
-0.415021 -0.707114 -0.574999
-0.164063 0.15625 0.960938
255 255 255 213
0.660238 -0.851527
0.873486 0.411558
2 2 2 2
1 0 0 0
-0.056276 -0.193396 -0.598682
0 0.023438 0.984375
255 255 255 213
0.355129 -0.84431
-0.00444 0.429274
2 2 2 2
1 0 0 0
-0.535356 -0.620075 -0.622944
-0.984375 -0.164063 -0.007813
255 255 255 213
0.662863 -1.701895
0.866924 -1.902677
2 2 2 2
1 0 0 0
-0.533067 -0.590197 -0.612293
-0.9375 0.328125 -0.007813
255 255 255 213
0.653675 -1.715018
0.82493 -1.869869
2 2 2 2
1 0 0 0
-0.200293 -0.129978 -0.599414
-0.570313 0.8125 -0.007813
255 255 255 213
0.374813 -1.712394
0.043459 -1.871838
2 2 2 2
1 0 0 0
-0.056276 -0.193396 -0.612384
0.867188 0.46875 -0.007813
255 255 255 213
0.363003 -1.632999
0.008026 -2.073275
2 2 2 2
1 0 0 0
-0.387341 -0.695547 -0.572497
-0.15625 0.15625 0.960938
255 255 255 213
0.64777 -0.859402
0.824274 0.378094
2 2 2 2
1 0 0 0
-0.054567 -0.235359 -0.597247
-0.03125 0.023438 0.984375
255 255 255 213
0.371532 -0.856776
0.042803 0.393185
2 2 2 2
1 0 0 0
-0.056276 -0.193396 -0.598682
0.875 0.460938 0
255 255 255 213
0.357754 -1.631031
-0.00444 -2.083774
2 2 2 2
1 0 0 0
-0.757988 0.317972 -0.624744
-0.460938 0.875 0
255 255 255 213
0.662207 -0.593661
0.866924 1.387905
2 2 2 2
1 0 0 0
-0.757988 0.317972 -0.611072
-0.5 0.851563 0
255 255 255 213
0.667456 -0.596942
0.873486 1.395779
2 2 2 2
1 0 0 0
-0.415021 -0.707114 -0.574999
0.148438 -0.984375 0
255 255 255 213
0.668768 -1.623814
0.873486 -2.101489
2 2 2 2
1 0 0 0
-0.535356 -0.620075 -0.609272
-0.976563 -0.21875 0
255 255 255 213
0.668112 -1.705176
0.873486 -1.894803
2 2 2 2
1 0 0 0
-0.165136 0.115207 -0.614155
0 -0.015625 -0.992188
255 255 255 213
0.361691 -0.588412
0.009338 1.37347
2 2 2 2
1 0 0 0
-0.188543 0.150121 -0.614918
-0.03125 -0.039063 -0.992188
255 255 255 213
0.376125 -0.600879
0.053301 1.404964
2 2 2 2
1 0 0 0
-0.757988 0.317972 -0.624744
-0.054688 -0.21875 -0.96875
255 255 255 213
0.662207 -0.593661
0.866924 1.387905
2 2 2 2
1 0 0 0
-0.728843 0.324992 -0.614093
0.054688 0.179688 0.96875
255 255 255 213
0.648426 -1.29049
0.82493 -0.812159
2 2 2 2
1 0 0 0
-0.803736 0.176672 -0.5768
0.101563 0.195313 0.960938
255 255 255 213
0.659582 -1.371853
0.873486 -1.043778
2 2 2 2
1 0 0 0
-0.784234 0.153905 -0.574297
0.101563 0.1875 0.960938
255 255 255 213
0.647114 -1.379726
0.824274 -1.077242
2 2 2 2
1 0 0 0
-0.243904 -0.020997 -0.61272
-0.046875 0 -0.992188
255 255 255 213
0.375469 -0.514267
0.051989 1.185812
2 2 2 2
1 0 0 0
-0.188543 0.150121 -0.601215
0.015625 0.023438 0.984375
255 255 255 213
0.372189 -1.28721
0.043459 -0.814127
2 2 2 2
1 0 0 0
-0.728843 0.324992 -0.627796
-0.054688 -0.203125 -0.976563
255 255 255 213
0.651051 -0.600879
0.82165 1.410872
2 2 2 2
1 0 0 0
-0.784234 0.153905 -0.588
-0.109375 -0.195313 -0.96875
255 255 255 213
0.651707 -0.511643
0.820993 1.166128
2 2 2 2
1 0 0 0
-0.243904 -0.020997 -0.599048
0.007813 -0.992188 0
255 255 255 213
0.373501 -0.509018
0.042803 1.170721
2 2 2 2
1 0 0 0
-0.803736 0.176672 -0.590503
-0.101563 -0.203125 -0.96875
255 255 255 213
0.663519 -0.519517
0.866268 1.196966
2 2 2 2
1 0 0 0
-0.81283 0.22779 -0.586871
-0.992188 0.03125 0
255 255 255 213
0.679922 -0.540513
0.907606 1.252739
2 2 2 2
1 0 0 0
-0.795343 0.281869 -0.600482
-0.859375 0.492188 0
255 255 255 213
0.679922 -0.571352
0.907606 1.331476
2 2 2 2
1 0 0 0
-0.188543 0.150121 -0.614918
0.59375 0.789063 0
255 255 255 213
0.376125 -0.600879
0.053301 1.404964
2 2 2 2
1 0 0 0
-0.545976 0.076785 -0.585223
-0.3125 -0.945313 0
255 255 255 213
0.529663 -0.505737
0.479797 1.162848
2 2 2 2
1 0 0 0
-0.728843 0.324992 -0.614093
0.03125 0.984375 0
255 255 255 213
0.653019 -0.606128
0.82493 1.420713
2 2 2 2
1 0 0 0
-0.165136 0.115207 -0.614155
0.976563 0.132813 0
255 255 255 213
0.361691 -0.588412
0.009338 1.37347
2 2 2 2
1 0 0 0
-0.728843 0.324992 -0.627796
0.039063 0.984375 0
255 255 255 213
0.651051 -0.600879
0.82165 1.410872
2 2 2 2
1 0 0 0
-0.188543 0.150121 -0.601215
0.59375 0.789063 0
255 255 255 213
0.374157 -0.606128
0.043459 1.418745
2 2 2 2
1 0 0 0
0.108097 -0.116855 -0.609882
0.585938 0.390625 -0.703125
255 255 255 193
0.72979 0.029022
0.72979 0.029022
2 2 2 2
1 0 0 0
0.080325 -0.137394 -0.609882
-0.554688 -0.445313 -0.703125
255 255 255 193
0.755379 0.029678
0.755379 0.029678
2 2 2 2
1 0 0 0
0.199561 -0.249702 -0.60332
0.570313 0.390625 0.703125
255 255 255 193
0.73307 0.178625
0.73307 0.178625
2 2 2 2
1 0 0 0
-0.079379 -0.138005 -0.602344
0.554688 -0.421875 0.703125
255 255 255 193
0.9391 0.371532
0.9391 0.371532
2 2 2 2
1 0 0 0
0.18009 -0.264107 -0.608509
-0.546875 -0.4375 -0.710938
255 255 255 193
0.747505 0.179281
0.747505 0.179281
2 2 2 2
1 0 0 0
0.199561 -0.249702 -0.608509
0.570313 0.382813 -0.710938
255 255 255 193
0.727821 0.178625
0.727821 0.178625
2 2 2 2
1 0 0 0
-0.204505 -0.006439 -0.600482
0.710938 -0.695313 0
255 255 255 213
0.356442 -0.524766
-0.00444 1.207464
2 2 2 2
1 0 0 0
-0.165136 0.115207 -0.600482
0.976563 0.132813 0
255 255 255 213
0.356442 -0.590381
-0.003784 1.382656
2 2 2 2
1 0 0 0
-0.512528 -0.666738 -0.598682
-0.179688 0.132813 0.960938
255 255 255 213
0.672705 -0.800348
0.907606 0.553942
2 2 2 2
1 0 0 0
-0.204505 -0.006439 -0.614155
0.71875 -0.6875 -0.007813
255 255 255 213
0.361034 -0.527391
0.008682 1.217962
2 2 2 2
1 0 0 0
-0.466445 -0.700034 -0.598773
0.164063 -0.148438 -0.96875
255 255 255 213
0.675329 -1.651372
0.897762 -2.035218
2 2 2 2
1 0 0 0
-0.466445 -0.700034 -0.58507
-0.171875 0.164063 0.960938
255 255 255 213
0.672049 -0.828563
0.907606 0.475205
2 2 2 2
1 0 0 0
-0.415021 -0.707114 -0.588702
0.101563 -0.992188 0
255 255 255 213
0.664175 -1.628407
0.866268 -2.093616
2 2 2 2
1 0 0 0
-0.512528 -0.666738 -0.612384
0.195313 -0.125 -0.96875
255 255 255 213
0.674673 -1.679586
0.898418 -1.96173
2 2 2 2
1 0 0 0
-0.174322 -0.268014 -0.603443
0.5625 -0.421875 0.695313
255 255 255 193
0.927946 0.520477
0.927946 0.520477
2 2 2 2
1 0 0 0
-0.194861 -0.252968 -0.603443
-0.585938 0.359375 0.710938
255 255 255 193
0.90695 0.518509
0.90695 0.518509
2 2 2 2
1 0 0 0
-0.108646 -0.11655 -0.602344
-0.609375 0.375 0.679688
255 255 255 193
0.91548 0.369564
0.91548 0.369564
2 2 2 2
1 0 0 0
-0.108646 -0.11655 -0.60976
-0.609375 0.375 -0.6875
255 255 255 193
0.922041 0.369564
0.922041 0.369564
2 2 2 2
1 0 0 0
-0.174322 -0.268014 -0.603443
0.5625 -0.421875 0.695313
255 255 255 193
0.889889 0.517853
0.889889 0.517853
2 2 2 2
1 0 0 0
-0.079379 -0.138005 -0.602344
0.554688 -0.421875 0.703125
255 255 255 193
0.893826 0.368908
0.893826 0.368908
2 2 2 2
1 0 0 0
-0.159887 -0.118473 -0.612384
0.007813 -0.007813 -0.992188
255 255 255 213
0.362347 -1.694677
0.009338 -1.917111
2 2 2 2
1 0 0 0
-0.056276 -0.193396 -0.612384
-0.03125 -0.039063 -0.992188
255 255 255 213
0.363003 -1.632999
0.008026 -2.073275
2 2 2 2
1 0 0 0
-0.415021 -0.707114 -0.588702
0.15625 -0.15625 -0.96875
255 255 255 213
0.664175 -1.628407
0.866268 -2.093616
2 2 2 2
1 0 0 0
-0.535356 -0.620075 -0.622944
0.1875 -0.117188 -0.96875
255 255 255 213
0.662863 -1.701895
0.866924 -1.902677
2 2 2 2
1 0 0 0
-0.535356 -0.620075 -0.609272
-0.1875 0.117188 0.960938
255 255 255 213
0.660238 -0.777383
0.873486 0.618244
2 2 2 2
1 0 0 0
-0.533067 -0.590197 -0.612293
-0.148438 0.117188 0.96875
255 255 255 213
0.648426 -0.769509
0.82493 0.643177
2 2 2 2
1 0 0 0
-0.200293 -0.129978 -0.599414
-0.023438 -0.015625 0.984375
255 255 255 213
0.371532 -0.769509
0.043459 0.641209
2 2 2 2
1 0 0 0
-0.194861 -0.252968 -0.608631
-0.585938 0.359375 -0.71875
255 255 255 193
0.908918 0.518509
0.908918 0.518509
2 2 2 2
1 0 0 0
-0.174322 -0.268014 -0.608631
0.5625 -0.421875 -0.703125
255 255 255 193
0.889233 0.517853
0.889233 0.517853
2 2 2 2
1 0 0 0
-0.079379 -0.138005 -0.60976
0.554688 -0.421875 -0.710938
255 255 255 193
0.895794 0.368908
0.895794 0.368908
2 2 2 2
1 0 0 0
-0.15598 0.031648 -0.609882
-0.257813 -0.671875 -0.695313
255 255 255 193
0.589373 0.342661
0.589373 0.342661
2 2 2 2
1 0 0 0
-0.307382 0.087436 -0.60332
-0.25 -0.65625 0.703125
255 255 255 193
0.594624 0.492264
0.594624 0.492264
2 2 2 2
1 0 0 0
-0.15598 0.031648 -0.602496
-0.25 -0.671875 0.6875
255 255 255 193
0.588717 0.343317
0.588717 0.343317
2 2 2 2
1 0 0 0
-0.145665 0.064058 -0.609882
0.195313 0.671875 -0.703125
255 255 255 193
0.614307 0.342661
0.614307 0.342661
2 2 2 2
1 0 0 0
-0.307382 0.087436 -0.608509
-0.25 -0.65625 -0.710938
255 255 255 193
0.595936 0.492264
0.595936 0.492264
2 2 2 2
1 0 0 0
-0.145665 0.064058 -0.602496
0.195313 0.671875 0.695313
255 255 255 193
0.611027 0.342661
0.611027 0.342661
2 2 2 2
1 0 0 0
-0.15598 0.031648 -0.602496
-0.25 -0.671875 0.6875
255 255 255 193
0.641865 0.343973
0.641865 0.343973
2 2 2 2
1 0 0 0
-0.30015 0.110172 -0.608509
0.1875 0.671875 -0.710938
255 255 255 193
0.614964 0.492264
0.614964 0.492264
2 2 2 2
1 0 0 0
0.546861 -0.613453 -0.574114
0.976563 -0.164063 0
255 255 255 213
0.681891 -0.627125
0.873486 0.791468
2 2 2 2
1 0 0 0
0.209052 -0.125248 -0.596362
-0.039063 0 0.984375
255 255 255 213
0.37022 -0.968978
0.043459 0.074953
2 2 2 2
1 0 0 0
0.063906 -0.231452 -0.59856
-0.023438 -0.015625 0.984375
255 255 255 213
0.371532 -0.88171
0.043459 0.322321
2 2 2 2
1 0 0 0
0.30723 0.089541 -0.608142
0.273438 -0.734375 -0.609375
255 255 255 193
1.200903 0.568377
1.200903 0.568377
2 2 2 2
1 0 0 0
0.15595 0.032624 -0.609272
0.28125 -0.75 -0.59375
255 255 255 193
1.210745 0.717321
1.210745 0.717321
2 2 2 2
1 0 0 0
0.108097 -0.116855 -0.602496
0.578125 0.398438 0.6875
255 255 255 193
0.735039 0.029022
0.735039 0.029022
2 2 2 2
1 0 0 0
0.18009 -0.264107 -0.60332
-0.546875 -0.4375 0.703125
255 255 255 193
0.709448 0.178625
0.709448 0.178625
2 2 2 2
1 0 0 0
0.30723 0.089541 -0.608142
0.273438 -0.734375 -0.609375
255 255 255 193
1.158255 0.568377
1.158255 0.568377
2 2 2 2
1 0 0 0
0.018189 0.158208 -0.609668
0.703125 0.023438 -0.695313
255 255 255 193
0.746193 0.37875
0.746193 0.37875
2 2 2 2
1 0 0 0
-0.307382 0.087436 -0.60332
-0.25 -0.65625 0.703125
255 255 255 193
0.633335 0.49292
0.633335 0.49292
2 2 2 2
1 0 0 0
0.012787 0.319742 -0.603534
0.695313 0.023438 0.703125
255 255 255 193
0.747505 0.528351
0.747505 0.528351
2 2 2 2
1 0 0 0
0.018189 0.158208 -0.602252
0.703125 0.023438 0.695313
255 255 255 193
0.746849 0.37875
0.746849 0.37875
2 2 2 2
1 0 0 0
0.012787 0.319742 -0.608722
0.6875 0.023438 -0.710938
255 255 255 193
0.747505 0.528351
0.747505 0.528351
2 2 2 2
1 0 0 0
0.018189 0.158208 -0.609668
0.703125 0.023438 -0.695313
255 255 255 193
0.799997 0.381374
0.799997 0.381374
2 2 2 2
1 0 0 0
-0.012635 0.319742 -0.603534
-0.703125 0.023438 0.703125
255 255 255 193
0.767845 0.529007
0.767845 0.529007
2 2 2 2
1 0 0 0
-0.018036 0.158208 -0.602252
-0.710938 0.023438 0.695313
255 255 255 193
0.773094 0.379406
0.773094 0.379406
2 2 2 2
1 0 0 0
0.012787 0.319742 -0.608722
0.6875 0.023438 -0.710938
255 255 255 193
0.788843 0.530319
0.788843 0.530319
2 2 2 2
1 0 0 0
-0.012635 0.319742 -0.608722
-0.695313 0.023438 -0.710938
255 255 255 193
0.76194 0.529007
0.76194 0.529007
2 2 2 2
1 0 0 0
-0.018036 0.158208 -0.609668
-0.710938 0.023438 -0.695313
255 255 255 193
0.767189 0.37875
0.767189 0.37875
2 2 2 2
1 0 0 0
252
98 99 97
101 114 115
103 100 102
88 89 69
181 179 96
197 180 184
184 183 196
171 185 182
178 194 195
1 0 3
12 11 10
16 14 15
93 90 243
238 93 243
238 245 93
245 91 93
245 246 91
248 246 245
245 239 248
221 248 239
237 238 243
243 72 237
239 206 221
92 94 202
202 205 92
219 205 202
202 204 219
249 219 204
204 68 249
249 68 67
67 250 249
234 250 67
67 233 234
253 234 233
233 255 253
256 253 255
255 251 256
264 256 251
251 254 264
264 254 266
266 263 264
247 263 266
266 66 247
252 247 66
66 69 252
113 95 242
113 242 240
113 240 244
113 244 112
244 73 112
70 73 244
244 220 70
71 240 242
242 241 71
203 71 241
241 222 203
173 170 41
41 42 173
45 42 41
41 40 45
57 45 40
40 74 57
57 74 56
56 54 57
44 54 56
56 46 44
55 44 46
46 51 55
53 55 51
51 52 53
62 53 52
52 65 62
64 62 65
65 50 64
176 175 177
177 174 176
174 177 172
48 174 172
49 48 172
61 48 49
49 47 61
30 61 47
47 39 30
5 2 6
6 4 5
9 7 13
13 8 9
18 19 21
17 18 21
17 21 25
121 17 25
121 25 22
121 22 23
135 121 23
120 121 135
135 132 120
21 24 25
22 27 23
27 20 23
26 29 31
29 33 31
33 32 31
29 36 33
29 297 36
297 296 36
296 34 36
34 37 36
34 35 37
134 296 297
297 146 134
296 28 34
58 43 38
38 75 58
76 58 75
75 77 76
76 77 79
63 76 79
63 79 59
59 60 63
77 78 79
111 106 107
107 110 111
167 111 110
110 169 167
168 167 169
169 166 168
105 168 166
166 116 105
84 80 81
81 87 84
201 84 87
87 190 201
201 190 191
191 200 201
86 200 191
191 85 86
224 268 265
265 281 224
230 224 281
281 282 230
231 230 282
282 283 231
225 231 283
283 223 225
280 270 267
267 279 280
161 280 279
279 160 161
161 160 144
144 147 161
277 147 144
144 278 277
149 148 151
151 295 149
125 149 295
295 122 125
126 125 122
122 123 126
156 126 123
123 155 156
156 155 154
154 157 156
131 157 154
154 128 131
130 131 128
128 129 130
145 130 129
129 150 145
153 145 150
150 152 153
153 152 127
127 124 153
298 299 158
158 143 298
159 143 158
158 140 159
159 140 136
136 137 159
302 137 136
136 139 302
141 138 261
261 258 141
257 258 261
261 262 257
257 262 259
259 300 257
142 300 259
259 301 142
273 260 271
271 272 273
273 272 284
284 274 273
286 274 284
284 285 286
286 285 275
275 276 286
288 289 287
287 291 288
294 291 287
287 290 294
294 290 292
292 133 294
304 133 292
292 293 304
307 303 306
306 305 307
309 305 306
306 310 309
309 310 313
313 312 309
311 312 313
313 308 311
162 117 104
165 104 117
117 199 165
164 165 199
199 186 164
187 164 186
186 198 187
187 198 192
192 193 187
108 193 192
192 109 108
119 108 109
109 118 119
82 119 118
118 83 82
188 82 83
83 189 188
188 189 162
162 163 188
104 163 162
214 226 236
227 236 226
226 215 227
228 227 215
215 216 228
217 228 216
216 218 217
217 218 229
229 232 217
210 232 229
229 208 210
207 210 208
208 209 207
235 207 209
209 269 235
213 235 269
269 212 213
213 212 214
214 211 213
236 211 214
sm_1
2
1
texture
0
86
-0.019318 0.019288 -0.120182
-0.4375 0.429688 -0.78125
255 255 255 202
0.041491 0.838709
0.041491 0.834772
1 1 1 1
1 0 0 0
0 0.027284 -0.120182
0 0.609375 -0.78125
255 255 255 202
0.022461 0.838709
0.022461 0.840021
1 1 1 1
1 0 0 0
-0.027314 -0.000031 -0.120182
-0.617188 -0.007813 -0.78125
255 255 255 202
0.060518 0.838709
0.060518 0.840021
1 1 1 1
1 0 0 0
0 0.027284 -0.120182
0 0.609375 -0.78125
255 255 255 202
0.059862 0.838709
0.059862 0.841333
1 1 1 1
1 0 0 0
0.019288 0.019288 -0.120182
0.429688 0.429688 -0.78125
255 255 255 202
0.041491 0.838709
0.040178 0.835428
1 1 1 1
1 0 0 0
-0.027314 -0.000031 -0.120182
-0.617188 -0.007813 -0.78125
255 255 255 202
0.023117 0.838709
0.023117 0.840677
1 1 1 1
1 0 0 0
0.027284 -0.000031 -0.120182
0.609375 0 -0.78125
255 255 255 202
0.021805 0.838709
0.021805 0.840677
1 1 1 1
1 0 0 0
-0.019318 -0.019318 -0.120182
-0.4375 -0.4375 -0.78125
255 255 255 202
0.041491 0.838709
0.041491 0.835428
1 1 1 1
1 0 0 0
-0.048372 0.048341 -0.087832
-0.570313 0.5625 -0.59375
255 255 255 208
0.041491 0.796061
0.042147 0.787531
1 1 1 1
1 0 0 0
0 0.068361 -0.087832
-0.007813 0.789063 -0.59375
255 255 255 208
-0.001816 0.796061
-0.001816 0.799341
1 1 1 1
1 0 0 0
-0.068392 -0.000031 -0.087832
-0.796875 -0.007813 -0.59375
255 255 255 208
0.086763 0.796061
0.086763 0.799997
1 1 1 1
1 0 0 0
-0.068392 -0.000031 -0.087832
-0.796875 -0.007813 -0.59375
255 255 255 208
-0.003128 0.796061
-0.003128 0.800654
1 1 1 1
1 0 0 0
0.027284 -0.000031 -0.120182
0.992188 0 0
255 255 255 202
0.539507 0.611027
0.539507 0.611027
1 1 1 1
1 0 0 0
0.027284 -0.000031 -0.14359
0.992188 0 0
255 255 255 193
0.539507 0.622837
0.539507 0.622837
1 1 1 1
1 0 0 0
-0.100986 0.100955 0.000183
-0.671875 0.664063 -0.289063
255 255 255 213
0.041491 0.694357
0.040834 0.675985
1 1 1 1
1 0 0 0
-0.000031 0.142766 0.000183
0 0.945313 -0.289063
255 255 255 213
-0.059557 0.694357
-0.059557 0.704199
1 1 1 1
1 0 0 0
-0.000031 0.142766 0.000183
0 0.945313 -0.289063
255 255 255 213
0.14188 0.694357
0.14188 0.704855
1 1 1 1
1 0 0 0
-0.142796 -0.000031 0.000183
-0.953125 -0.007813 -0.289063
255 255 255 213
0.139256 0.694357
0.139256 0.700918
1 1 1 1
1 0 0 0
0.100955 -0.100986 0.000183
0.664063 -0.671875 -0.289063
255 255 255 213
0.041491 0.694357
0.041491 0.677298
1 1 1 1
1 0 0 0
0.142766 -0.000031 0.000183
0.945313 0 -0.289063
255 255 255 213
0.139912 0.694357
0.139912 0.702231
1 1 1 1
1 0 0 0
-0.083712 -0.000031 -0.055452
-0.679688 -0.007813 -0.734375
255 255 255 213
0.099232 0.765877
0.099232 0.769814
1 1 1 1
1 0 0 0
-0.133915 -0.000031 -0.029115
-0.804688 -0.007813 -0.59375
255 255 255 213
0.129414 0.720604
0.129414 0.727821
1 1 1 1
1 0 0 0
-0.133915 -0.000031 -0.029115
-0.804688 -0.007813 -0.59375
255 255 255 213
-0.046434 0.720604
-0.046434 0.72979
1 1 1 1
1 0 0 0
-0.059175 0.059145 -0.055452
-0.484375 0.476563 -0.734375
255 255 255 213
0.041491 0.765877
0.040834 0.754723
1 1 1 1
1 0 0 0
0 0.083682 -0.055452
0 0.671875 -0.734375
255 255 255 213
0.100544 0.765877
0.100544 0.772438
1 1 1 1
1 0 0 0
0.059145 0.059145 -0.055452
0.476563 0.476563 -0.734375
255 255 255 213
0.041491 0.765877
0.040834 0.756035
1 1 1 1
1 0 0 0
-0.019318 -0.019318 -0.14359
0 0 -0.992188
255 255 255 193
0.765221 0.660894
0.679266 0.77375
1 1 1 1
1 0 0 0
-0.027314 -0.000031 -0.14359
0 0 -0.992188
255 255 255 193
0.779656 0.674673
0.693701 0.787531
1 1 1 1
1 0 0 0
0.019288 -0.019318 -0.14359
0 0 -0.992188
255 255 255 193
0.778999 0.626774
0.693045 0.739632
1 1 1 1
1 0 0 0
-0.019318 0.019288 -0.14359
0 0 -0.992188
255 255 255 193
0.799341 0.674673
0.713385 0.787531
1 1 1 1
1 0 0 0
0 -0.083712 -0.055452
0 -0.679688 -0.734375
255 255 255 213
-0.016251 0.765877
-0.016251 0.77047
1 1 1 1
1 0 0 0
0 -0.133915 -0.029115
0 -0.804688 -0.59375
255 255 255 213
-0.046434 0.720604
-0.046434 0.729134
1 1 1 1
1 0 0 0
0 -0.133915 -0.029115
0 -0.804688 -0.59375
255 255 255 213
0.129414 0.720604
0.129414 0.72979
1 1 1 1
1 0 0 0
0.094668 -0.094699 -0.029115
0.5625 -0.570313 -0.59375
255 255 255 213
0.041491 0.720604
0.041491 0.704199
1 1 1 1
1 0 0 0
0.133885 -0.000031 -0.029115
0.796875 0 -0.59375
255 255 255 213
0.129414 0.720604
0.129414 0.729134
1 1 1 1
1 0 0 0
0.094668 0.094668 -0.029115
0.5625 0.5625 -0.59375
255 255 255 213
0.041491 0.720604
0.040834 0.704199
1 1 1 1
1 0 0 0
-0.094699 0.094668 -0.029115
-0.570313 0.5625 -0.59375
255 255 255 213
0.041491 0.720604
0.040834 0.703543
1 1 1 1
1 0 0 0
0 0.083682 -0.055452
0 0.671875 -0.734375
255 255 255 213
-0.018875 0.765877
-0.018875 0.771782
1 1 1 1
1 0 0 0
0.068361 -0.000031 -0.087832
0.789063 0 -0.59375
255 255 255 208
0.086763 0.796061
0.086763 0.800654
1 1 1 1
1 0 0 0
-0.142796 -0.000031 0.000183
-0.953125 -0.007813 -0.289063
255 255 255 213
-0.056276 0.694357
-0.056276 0.702887
1 1 1 1
1 0 0 0
-0.100986 -0.100986 0.000183
-0.671875 -0.671875 -0.289063
255 255 255 213
0.041491 0.694357
0.041491 0.677298
1 1 1 1
1 0 0 0
0.019288 -0.019318 -0.14359
0.695313 -0.703125 -0.007813
255 255 255 193
0.521133 0.622837
0.521133 0.622837
1 1 1 1
1 0 0 0
0.048341 0.048341 -0.087832
0.5625 0.5625 -0.59375
255 255 255 208
0.041491 0.796061
0.040178 0.788187
1 1 1 1
1 0 0 0
0 0.068361 -0.087832
-0.007813 0.789063 -0.59375
255 255 255 208
0.084139 0.796061
0.084139 0.800654
1 1 1 1
1 0 0 0
0.048341 -0.048372 -0.087832
0.5625 -0.570313 -0.59375
255 255 255 208
0.041491 0.796061
0.041491 0.787531
1 1 1 1
1 0 0 0
-0.048372 -0.048372 -0.087832
-0.570313 -0.570313 -0.59375
255 255 255 208
0.041491 0.796061
0.041491 0.788187
1 1 1 1
1 0 0 0
0.019288 -0.019318 -0.120182
0.695313 -0.703125 0
255 255 255 202
0.521133 0.611027
0.521133 0.611027
1 1 1 1
1 0 0 0
0.083682 -0.000031 -0.055452
0.671875 0 -0.734375
255 255 255 213
-0.016907 0.765877
-0.016907 0.77047
1 1 1 1
1 0 0 0
0.100955 0.100955 0.000183
0.664063 0.664063 -0.289063
255 255 255 213
0.041491 0.694357
0.041491 0.676642
1 1 1 1
1 0 0 0
0 -0.142796 0.000183
0 -0.953125 -0.289063
255 255 255 213
-0.056276 0.694357
-0.056276 0.702231
1 1 1 1
1 0 0 0
0 -0.083712 -0.055452
0 -0.679688 -0.734375
255 255 255 213
0.099232 0.765877
0.099232 0.771126
1 1 1 1
1 0 0 0
-0.083712 -0.000031 -0.055452
-0.679688 -0.007813 -0.734375
255 255 255 213
-0.016251 0.765877
-0.016251 0.771126
1 1 1 1
1 0 0 0
-0.000031 0.133885 -0.029115
0 0.796875 -0.59375
255 255 255 213
0.127445 0.720604
0.127445 0.728478
1 1 1 1
1 0 0 0
0.027284 -0.000031 -0.14359
0 0 -0.992188
255 255 255 193
0.798685 0.626774
0.712729 0.739632
1 1 1 1
1 0 0 0
0 -0.027314 -0.14359
0 0 -0.992188
255 255 255 193
0.765221 0.641209
0.679266 0.754067
1 1 1 1
1 0 0 0
0.059145 -0.059175 -0.055452
0.476563 -0.484375 -0.734375
255 255 255 213
0.041491 0.765877
0.041491 0.755379
1 1 1 1
1 0 0 0
-0.019318 0.019288 -0.120182
-0.703125 0.695313 0
255 255 255 202
0.594624 0.611027
0.594624 0.611027
1 1 1 1
1 0 0 0
-0.019318 0.019288 -0.120182
-0.703125 0.695313 0
255 255 255 202
0.448301 0.611027
0.448301 0.611027
1 1 1 1
1 0 0 0
-0.019318 0.019288 -0.14359
-0.703125 0.695313 0
255 255 255 193
0.448301 0.622837
0.448301 0.622837
1 1 1 1
1 0 0 0
-0.019318 0.019288 -0.14359
-0.703125 0.695313 0
255 255 255 193
0.594624 0.622837
0.594624 0.622837
1 1 1 1
1 0 0 0
0 0.027284 -0.14359
0 0.992188 0
255 255 255 193
0.57625 0.622837
0.57625 0.622837
1 1 1 1
1 0 0 0
0 0.027284 -0.120182
0 0.992188 0
255 255 255 202
0.57625 0.611027
0.57625 0.611027
1 1 1 1
1 0 0 0
0.019288 0.019288 -0.14359
0.695313 0.695313 0
255 255 255 193
0.557879 0.622837
0.557879 0.622837
1 1 1 1
1 0 0 0
0.019288 0.019288 -0.120182
0.695313 0.695313 0
255 255 255 202
0.557879 0.611027
0.557879 0.611027
1 1 1 1
1 0 0 0
0.027284 -0.000031 -0.120182
0.609375 0 -0.78125
255 255 255 202
0.059862 0.838709
0.059862 0.840021
1 1 1 1
1 0 0 0
0.019288 -0.019318 -0.120182
0.429688 -0.4375 -0.78125
255 255 255 202
0.041491 0.838709
0.041491 0.834772
1 1 1 1
1 0 0 0
0 -0.027314 -0.120182
0 -0.617188 -0.78125
255 255 255 202
0.023117 0.838709
0.023117 0.840021
1 1 1 1
1 0 0 0
0 -0.027314 -0.120182
0 -0.617188 -0.78125
255 255 255 202
0.059862 0.838709
0.059862 0.840677
1 1 1 1
1 0 0 0
0 -0.027314 -0.14359
0 -0.992188 0
255 255 255 193
0.502762 0.622837
0.502762 0.622837
1 1 1 1
1 0 0 0
0 -0.027314 -0.120182
0 -0.992188 0
255 255 255 202
0.502762 0.611027
0.502762 0.611027
1 1 1 1
1 0 0 0
-0.019318 -0.019318 -0.14359
-0.703125 -0.703125 0
255 255 255 193
0.485046 0.622837
0.485046 0.622837
1 1 1 1
1 0 0 0
-0.019318 -0.019318 -0.120182
-0.703125 -0.703125 0
255 255 255 202
0.485046 0.611027
0.485046 0.611027
1 1 1 1
1 0 0 0
-0.027314 -0.000031 -0.14359
-0.992188 -0.007813 0
255 255 255 193
0.466673 0.622837
0.466673 0.622837
1 1 1 1
1 0 0 0
-0.027314 -0.000031 -0.120182
-0.992188 -0.007813 0
255 255 255 202
0.466673 0.611027
0.466673 0.611027
1 1 1 1
1 0 0 0
0 -0.068392 -0.087832
0 -0.796875 -0.59375
255 255 255 208
-0.003128 0.796061
-0.003128 0.800654
1 1 1 1
1 0 0 0
0 -0.068392 -0.087832
0 -0.796875 -0.59375
255 255 255 208
0.086107 0.796061
0.086107 0.800654
1 1 1 1
1 0 0 0
0.068361 -0.000031 -0.087832
0.789063 0 -0.59375
255 255 255 208
-0.00444 0.796061
-0.00444 0.800654
1 1 1 1
1 0 0 0
0.133885 -0.000031 -0.029115
0.796875 0 -0.59375
255 255 255 213
-0.047091 0.720604
-0.047091 0.728478
1 1 1 1
1 0 0 0
0.142766 -0.000031 0.000183
0.945313 0 -0.289063
255 255 255 213
-0.056932 0.694357
-0.056932 0.702231
1 1 1 1
1 0 0 0
0 -0.142796 0.000183
0 -0.953125 -0.289063
255 255 255 213
0.139256 0.694357
0.139256 0.702887
1 1 1 1
1 0 0 0
-0.059175 -0.059175 -0.055452
-0.484375 -0.484375 -0.734375
255 255 255 213
0.041491 0.765877
0.041491 0.756035
1 1 1 1
1 0 0 0
-0.094699 -0.094699 -0.029115
-0.570313 -0.570313 -0.59375
255 255 255 213
0.041491 0.720604
0.041491 0.704199
1 1 1 1
1 0 0 0
-0.000031 0.133885 -0.029115
0 0.796875 -0.59375
255 255 255 213
-0.045122 0.720604
-0.045122 0.727821
1 1 1 1
1 0 0 0
0.019288 0.019288 -0.14359
0 0 -0.992188
255 255 255 193
0.812464 0.640553
0.727165 0.75341
1 1 1 1
1 0 0 0
0 0.027284 -0.14359
0 0 -0.992188
255 255 255 193
0.81312 0.660238
0.727165 0.773094
1 1 1 1
1 0 0 0
0.083682 -0.000031 -0.055452
0.671875 0 -0.734375
255 255 255 213
0.099232 0.765877
0.099232 0.77047
1 1 1 1
1 0 0 0
86
43 3 4
4 42 43
43 42 25
25 24 43
52 24 25
25 35 52
52 35 48
48 16 52
42 4 6
6 76 42
42 76 47
47 25 42
35 25 47
47 77 35
35 77 78
78 48 35
10 2 0
0 8 10
10 8 23
23 20 10
21 20 23
23 36 21
21 36 14
14 17 21
8 0 1
1 9 8
8 9 37
37 23 8
36 23 37
37 82 36
36 82 15
15 14 36
75 67 7
7 45 75
75 45 80
80 50 75
32 50 80
80 81 32
32 81 40
40 79 32
45 7 5
5 11 45
45 11 51
51 80 45
81 80 51
51 22 81
81 22 39
39 40 81
38 64 65
65 44 38
38 44 55
55 85 38
85 55 33
33 34 85
19 34 33
33 18 19
44 65 66
66 74 44
44 74 30
30 55 44
33 55 30
30 31 33
33 31 49
49 18 33
56 59 60
60 61 56
61 60 62
62 63 61
63 62 13
13 12 63
46 12 13
13 41 46
46 41 68
68 69 46
69 68 70
70 71 69
71 70 72
72 73 71
73 72 58
58 57 73
29 27 84
27 53 84
53 83 84
27 54 53
54 28 53
27 26 54
sm_2
2
1
texture
0
273
0 -0.164922 -0.599811
0 -0.679688 0.71875
255 255 255 213
1.883953 0.013275
2.580782 1.027023
1 1 1 1
1 0 0 0
-0.063112 -0.152348 -0.599811
-0.265625 -0.632813 0.71875
255 255 255 213
1.767815 0.011307
2.718573 1.03096
1 1 1 1
1 0 0 0
0.063082 -0.152348 -0.599811
0.257813 -0.632813 0.71875
255 255 255 213
2.000092 0.015244
2.442991 1.021774
1 1 1 1
1 0 0 0
0.116581 -0.116611 -0.599811
0.476563 -0.484375 0.71875
255 255 255 213
2.115574 0.011963
2.305857 1.028992
1 1 1 1
1 0 0 0
0.152318 -0.063112 -0.599811
0.625 -0.265625 0.71875
255 255 255 213
2.227776 -0.012314
2.172659 1.082796
1 1 1 1
1 0 0 0
0.164892 -0.000031 -0.599811
0.671875 0 0.71875
255 255 255 213
2.332758 -0.058901
2.047991 1.183844
1 1 1 1
1 0 0 0
-0.155522 -0.064425 -0.603046
-0.921875 -0.382813 0.03125
255 255 255 213
1.534883 0.008682
2.994156 1.036867
1 1 1 1
1 0 0 0
-0.152806 -0.063295 -0.60625
-0.679688 -0.28125 -0.671875
255 255 255 213
1.534883 0.016556
2.994812 1.019806
1 1 1 1
1 0 0 0
-0.119053 -0.119053 -0.603046
-0.703125 -0.703125 0.03125
255 255 255 213
1.65102 0.017212
2.856365 1.018494
1 1 1 1
1 0 0 0
-0.116947 -0.116947 -0.60625
-0.523438 -0.523438 -0.671875
255 255 255 213
1.65102 0.025085
2.857021 1.001434
1 1 1 1
1 0 0 0
-0.064425 -0.155522 -0.603046
-0.382813 -0.921875 0.03125
255 255 255 213
1.767159 0.019836
2.718573 1.012589
1 1 1 1
1 0 0 0
-0.063295 -0.152806 -0.60625
-0.28125 -0.679688 -0.671875
255 255 255 213
1.767159 0.02771
2.718573 0.995529
1 1 1 1
1 0 0 0
0 -0.16834 -0.603046
0 -0.992188 0.03125
255 255 255 213
1.883953 0.021149
2.580782 1.009308
1 1 1 1
1 0 0 0
0 -0.16541 -0.60625
0 -0.734375 -0.671875
255 255 255 213
1.883953 0.029022
2.580782 0.992249
1 1 1 1
1 0 0 0
0.064394 -0.155522 -0.603046
0.375 -0.921875 0.03125
255 255 255 213
2.000092 0.023773
2.442991 1.003403
1 1 1 1
1 0 0 0
0.063265 -0.152806 -0.60625
0.273438 -0.679688 -0.671875
255 255 255 213
2.000092 0.031647
2.442335 0.987
1 1 1 1
1 0 0 0
0.119022 -0.119053 -0.603046
0.695313 -0.703125 0.03125
255 255 255 213
2.11623 0.020493
2.304544 1.011276
1 1 1 1
1 0 0 0
0.116916 -0.116947 -0.60625
0.515625 -0.523438 -0.671875
255 255 255 213
2.117542 0.02771
2.303888 0.994873
1 1 1 1
1 0 0 0
0.155492 -0.064425 -0.603046
0.914063 -0.382813 0.03125
255 255 255 213
2.2304 -0.00444
2.170034 1.065081
1 1 1 1
1 0 0 0
0.152776 -0.063295 -0.60625
0.671875 -0.28125 -0.671875
255 255 255 213
2.232368 0.002777
2.16741 1.049334
1 1 1 1
1 0 0 0
0.16831 -0.000031 -0.603046
0.984375 0 0.03125
255 255 255 213
2.337351 -0.051683
2.042742 1.168097
1 1 1 1
1 0 0 0
0.16538 -0.000031 -0.60625
0.726563 0 -0.671875
255 255 255 213
2.339319 -0.04381
2.040773 1.151691
1 1 1 1
1 0 0 0
0.164892 -0.000031 -0.599811
0.671875 0 0.71875
255 255 255 213
1.303919 0.005402
3.269081 1.044085
1 1 1 1
1 0 0 0
0.152318 0.063082 -0.599811
0.625 0.257813 0.71875
255 255 255 213
1.445646 0.0159
3.100452 1.020462
1 1 1 1
1 0 0 0
0.116581 0.116581 -0.599811
0.476563 0.476563 0.71875
255 255 255 213
1.58803 0.022461
2.931166 1.007339
1 1 1 1
1 0 0 0
0.063082 0.152318 -0.599811
0.257813 0.625 0.71875
255 255 255 213
1.731071 0.025085
2.761879 1.001434
1 1 1 1
1 0 0 0
-0.000031 0.164892 -0.599811
-0.007813 0.671875 0.71875
255 255 255 193
1.874111 0.025085
2.591936 1.001434
1 1 1 1
1 0 0 0
-0.063112 0.152318 -0.599811
-0.265625 0.625 0.71875
255 255 255 213
2.017151 0.022461
2.422651 1.007339
1 1 1 1
1 0 0 0
-0.116611 0.116581 -0.599811
-0.484375 0.476563 0.71875
255 255 255 213
2.159536 0.0159
2.253365 1.020462
1 1 1 1
1 0 0 0
-0.152348 0.063082 -0.599811
-0.632813 0.257813 0.71875
255 255 255 213
2.301264 0.005402
2.08539 1.044085
1 1 1 1
1 0 0 0
-0.152348 0.063082 -0.599811
-0.632813 0.257813 0.71875
255 255 255 213
1.317041 -0.047747
3.253334 1.159567
1 1 1 1
1 0 0 0
-0.164922 -0.000031 -0.599811
-0.679688 -0.007813 0.71875
255 255 255 213
1.420713 0.000809
3.129978 1.053926
1 1 1 1
1 0 0 0
-0.152348 -0.063112 -0.599811
-0.632813 -0.265625 0.71875
255 255 255 213
1.53554 0.000809
2.9935 1.054583
1 1 1 1
1 0 0 0
-0.116611 -0.116611 -0.599811
-0.484375 -0.484375 0.71875
255 255 255 213
1.651676 0.008682
2.856365 1.036867
1 1 1 1
1 0 0 0
0.063265 0.152776 -0.60625
0.273438 0.671875 -0.671875
255 255 255 213
1.731071 0.044771
2.761879 0.958128
1 1 1 1
1 0 0 0
-0.000031 0.16831 -0.603046
-0.007813 0.984375 0.03125
255 255 255 193
1.874111 0.034929
2.591936 0.979126
1 1 1 1
1 0 0 0
0.064394 0.155492 -0.603046
0.375 0.914063 0.03125
255 255 255 213
1.731071 0.034929
2.761879 0.979126
1 1 1 1
1 0 0 0
-0.063295 0.152776 -0.60625
-0.28125 0.671875 -0.671875
255 255 255 213
2.017807 0.042147
2.421995 0.964033
1 1 1 1
1 0 0 0
-0.119053 0.119022 -0.603046
-0.703125 0.695313 0.03125
255 255 255 213
2.160192 0.026398
2.252708 0.998154
1 1 1 1
1 0 0 0
-0.064425 0.155492 -0.603046
-0.382813 0.914063 0.03125
255 255 255 213
2.017151 0.032305
2.422651 0.985031
1 1 1 1
1 0 0 0
-0.152806 0.063265 -0.60625
-0.679688 0.273438 -0.671875
255 255 255 213
1.311136 -0.032656
3.260551 1.126759
1 1 1 1
1 0 0 0
-0.16834 -0.000031 -0.603046
-0.992188 -0.007813 0.03125
255 255 255 213
1.418745 0.008682
3.131947 1.036211
1 1 1 1
1 0 0 0
-0.16541 -0.000031 -0.60625
-0.734375 -0.007813 -0.671875
255 255 255 213
1.417433 0.0159
3.133915 1.020462
1 1 1 1
1 0 0 0
-0.000031 0.165349 -0.60625
-0.007813 0.726563 -0.671875
255 255 255 193
1.874111 0.044771
2.591936 0.958128
1 1 1 1
1 0 0 0
-0.155522 0.064394 -0.603046
-0.921875 0.375 0.03125
255 255 255 213
1.312449 -0.040529
3.257927 1.143818
1 1 1 1
1 0 0 0
-0.116947 0.116916 -0.60625
-0.523438 0.515625 -0.671875
255 255 255 213
2.160849 0.035585
2.252052 0.977814
1 1 1 1
1 0 0 0
-0.155522 0.064394 -0.603046
-0.921875 0.375 0.03125
255 255 255 213
2.303888 0.015244
2.082766 1.021774
1 1 1 1
1 0 0 0
0.116916 0.116916 -0.60625
0.515625 0.515625 -0.671875
255 255 255 213
1.587374 0.042147
2.931822 0.964033
1 1 1 1
1 0 0 0
-0.152806 0.063265 -0.60625
-0.679688 0.273438 -0.671875
255 255 255 213
2.303232 0.025085
2.083422 1.000778
1 1 1 1
1 0 0 0
0.119022 0.119022 -0.603046
0.695313 0.695313 0.03125
255 255 255 213
1.58803 0.032305
2.931822 0.985031
1 1 1 1
1 0 0 0
0 -0.000031 -0.705405
0 0 -0.992188
255 255 255 208
0.433867 0.777687
0.269173 0.004745
1 1 1 1
1 0 0 0
0.152318 -0.063112 -0.599811
0.835938 -0.351563 0.382813
255 255 255 213
1.486328 0.109074
2.849148 0.009995
1 1 1 1
1 0 0 0
0.131901 -0.054659 -0.548113
0.835938 -0.351563 0.382813
255 255 255 213
1.486328 0.158285
2.849148 -0.294458
1 1 1 1
1 0 0 0
-0.043672 -0.043672 -0.691916
-0.15625 -0.15625 -0.976563
255 255 255 213
0.368252 0.750786
0.269173 0.418776
1 1 1 1
1 0 0 0
0 -0.061739 -0.691916
-0.007813 -0.21875 -0.976563
255 255 255 213
0.368252 0.805246
0.269173 0.418776
1 1 1 1
1 0 0 0
0.061708 -0.000031 -0.691916
0.210938 0 -0.976563
255 255 255 213
0.368252 0.750786
0.269173 0.418776
1 1 1 1
1 0 0 0
0.023591 -0.057039 -0.691916
0.078125 -0.203125 -0.976563
255 255 255 213
0.363003 0.777687
0.104481 0.418776
1 1 1 1
1 0 0 0
0.057009 -0.023621 -0.691916
0.195313 -0.085938 -0.976563
255 255 255 213
0.383999 0.727821
0.103169 0.418776
1 1 1 1
1 0 0 0
-0.023621 -0.057039 -0.691916
-0.085938 -0.203125 -0.976563
255 255 255 208
0.383999 0.828211
0.437803 0.418776
1 1 1 1
1 0 0 0
0.023591 -0.057039 -0.691916
0.078125 -0.203125 -0.976563
255 255 255 213
0.363003 0.777687
0.435835 0.418776
1 1 1 1
1 0 0 0
0 -0.14359 -0.655843
0 0.1875 -0.976563
255 255 255 213
0.281639 0.840677
0.269173 0.966658
1 1 1 1
1 0 0 0
0.101505 -0.101535 -0.655843
-0.140625 0.132813 -0.976563
255 255 255 213
0.281639 0.714697
0.269173 0.966658
1 1 1 1
1 0 0 0
0.068575 -0.068606 -0.679373
0.3125 -0.320313 -0.890625
255 255 255 213
0.330851 0.735039
0.269173 0.654987
1 1 1 1
1 0 0 0
-0.037141 -0.089633 -0.679373
-0.171875 -0.414063 -0.890625
255 255 255 213
0.355129 0.856426
0.530975 0.654987
1 1 1 1
1 0 0 0
0 -0.097018 -0.679373
0 -0.453125 -0.890625
255 255 255 213
0.330851 0.820337
0.269173 0.654987
1 1 1 1
1 0 0 0
0.054933 -0.132664 -0.655843
-0.078125 0.171875 -0.976563
255 255 255 213
0.269173 0.777687
0.656958 0.966658
1 1 1 1
1 0 0 0
-0.132664 -0.054964 -0.655843
0.171875 0.070313 -0.976563
255 255 255 213
0.269173 0.777687
-0.121235 0.966658
1 1 1 1
1 0 0 0
-0.089633 -0.037141 -0.679373
-0.414063 -0.171875 -0.890625
255 255 255 213
0.322321 0.777687
0.531632 0.654987
1 1 1 1
1 0 0 0
-0.037141 -0.089633 -0.679373
-0.171875 -0.414063 -0.890625
255 255 255 213
0.355129 0.69895
0.008026 0.654987
1 1 1 1
1 0 0 0
-0.132664 0.054933 -0.655843
0.171875 -0.078125 -0.976563
255 255 255 213
0.317072 0.894482
0.653675 0.966658
1 1 1 1
1 0 0 0
-0.14359 -0.000031 -0.655843
0.1875 0 -0.976563
255 255 255 213
0.281639 0.840677
0.269173 0.966658
1 1 1 1
1 0 0 0
-0.097018 -0.000031 -0.679373
-0.453125 -0.007813 -0.890625
255 255 255 213
0.330851 0.820337
0.269173 0.654987
1 1 1 1
1 0 0 0
0.054933 0.132633 -0.655843
-0.078125 -0.179688 -0.976563
255 255 255 213
0.317072 0.894482
0.653675 0.966658
1 1 1 1
1 0 0 0
-0.000031 0.143559 -0.655843
0 -0.195313 -0.976563
255 255 255 213
0.281639 0.714697
0.269173 0.966658
1 1 1 1
1 0 0 0
0 0.096988 -0.679373
-0.007813 0.445313 -0.890625
255 255 255 213
0.330851 0.735039
0.269173 0.654987
1 1 1 1
1 0 0 0
0.164892 -0.000031 -0.599811
0.90625 0 0.382813
255 255 255 213
1.431211 0.109074
3.036806 0.009995
1 1 1 1
1 0 0 0
0.037111 0.089602 -0.679373
0.164063 0.40625 -0.890625
255 255 255 213
0.355129 0.856426
0.530975 0.654987
1 1 1 1
1 0 0 0
-0.037141 0.089602 -0.679373
-0.171875 0.40625 -0.890625
255 255 255 213
0.322321 0.777687
0.531632 0.654987
1 1 1 1
1 0 0 0
0.089602 0.037111 -0.679373
0.40625 0.164063 -0.890625
255 255 255 213
0.322321 0.777687
0.00737 0.654987
1 1 1 1
1 0 0 0
0.054933 0.132633 -0.655843
-0.078125 -0.179688 -0.976563
255 255 255 213
0.317072 0.661551
-0.117954 0.966658
1 1 1 1
1 0 0 0
0.132633 0.054933 -0.655843
-0.179688 -0.078125 -0.976563
255 255 255 213
0.269173 0.777687
-0.121235 0.966658
1 1 1 1
1 0 0 0
0.101505 0.101505 -0.655843
-0.140625 -0.140625 -0.976563
255 255 255 213
0.281639 0.840677
0.269173 0.966658
1 1 1 1
1 0 0 0
-0.063112 0.152318 -0.599811
-0.351563 0.835938 0.382813
255 255 255 213
2.011246 0.109074
1.076235 0.009338
1 1 1 1
1 0 0 0
0.063082 0.152318 -0.599811
0.34375 0.835938 0.382813
255 255 255 213
2.122135 0.109074
0.701574 0.010651
1 1 1 1
1 0 0 0
0.054628 0.131901 -0.548113
0.34375 0.835938 0.382813
255 255 255 213
2.122135 0.158285
0.701574 -0.297739
1 1 1 1
1 0 0 0
-0.131932 0.054628 -0.548113
-0.84375 0.34375 0.382813
255 255 255 213
1.9102 0.157629
1.416777 -0.293802
1 1 1 1
1 0 0 0
-0.054659 0.131901 -0.548113
-0.351563 0.835938 0.382813
255 255 255 213
2.011246 0.158285
1.076235 -0.295115
1 1 1 1
1 0 0 0
-0.000031 0.164892 -0.599811
-0.007813 0.90625 0.382813
255 255 255 193
2.066362 0.109074
0.889233 0.009995
1 1 1 1
1 0 0 0
-0.063112 -0.152348 -0.599811
-0.351563 -0.84375 0.382813
255 255 255 213
1.698919 0.109074
2.130665 0.009995
1 1 1 1
1 0 0 0
-0.152348 -0.063112 -0.599811
-0.84375 -0.351563 0.382813
255 255 255 213
1.799311 0.109074
1.792093 0.009995
1 1 1 1
1 0 0 0
-0.131932 -0.054659 -0.548113
-0.84375 -0.351563 0.382813
255 255 255 213
1.799311 0.157629
1.792093 -0.294458
1 1 1 1
1 0 0 0
0.054628 -0.131932 -0.548113
0.34375 -0.84375 0.382813
255 255 255 213
1.58803 0.158285
2.505981 -0.294458
1 1 1 1
1 0 0 0
-0.054659 -0.131932 -0.548113
-0.351563 -0.84375 0.382813
255 255 255 213
1.698919 0.158285
2.130665 -0.294458
1 1 1 1
1 0 0 0
-0.116611 -0.116611 -0.599811
-0.648438 -0.648438 0.382813
255 255 255 213
1.749443 0.109074
1.961378 0.009995
1 1 1 1
1 0 0 0
0.139317 -0.057741 -0.662099
0.351563 -0.148438 -0.921875
255 255 255 213
0.311823 0.655644
-0.136982 1.034243
1 1 1 1
1 0 0 0
0.106632 -0.106662 -0.662099
0.265625 -0.273438 -0.921875
255 255 255 213
0.273766 0.711416
0.269173 1.034243
1 1 1 1
1 0 0 0
0.16538 -0.000031 -0.60625
0.726563 0 -0.671875
255 255 255 213
1.30195 0.025085
3.271049 1.000778
1 1 1 1
1 0 0 0
0.16831 -0.000031 -0.603046
0.984375 0 0.03125
255 255 255 213
1.301294 0.015244
3.271706 1.021774
1 1 1 1
1 0 0 0
0.155492 0.064394 -0.603046
0.914063 0.375 0.03125
255 255 255 213
1.44499 0.026398
3.101109 0.998154
1 1 1 1
1 0 0 0
0.152776 0.063265 -0.60625
0.671875 0.273438 -0.671875
255 255 255 213
1.444334 0.035585
3.101765 0.977814
1 1 1 1
1 0 0 0
-0.012696 -0.007508 -0.380108
-0.867188 -0.5 -0.007813
255 255 255 193
0.152378 0.56444
0.782938 0.56444
1 1 1 1
1 0 0 0
-0.012696 -0.007508 -0.13065
-0.867188 -0.5 -0.007813
255 255 255 202
-0.017563 0.56444
0.612995 0.56444
1 1 1 1
1 0 0 0
-0.003845 -0.014313 -0.13065
-0.257813 -0.960938 -0.007813
255 255 255 202
-0.017563 0.551317
0.612995 0.551317
1 1 1 1
1 0 0 0
-0.003845 -0.014283 -0.380108
-0.257813 -0.960938 -0.007813
255 255 255 193
0.152378 0.551317
0.782938 0.551317
1 1 1 1
1 0 0 0
0.007233 -0.012848 -0.13065
0.492188 -0.859375 -0.007813
255 255 255 202
-0.017563 0.534258
0.612995 0.534258
1 1 1 1
1 0 0 0
0.007233 -0.012848 -0.380108
0.492188 -0.859375 -0.007813
255 255 255 193
0.152378 0.534258
0.782938 0.534258
1 1 1 1
1 0 0 0
-0.012696 -0.007508 -0.13065
-0.867188 -0.5 -0.007813
255 255 255 202
-0.017563 0.44174
0.612995 0.44174
1 1 1 1
1 0 0 0
-0.012696 -0.007508 -0.380108
-0.867188 -0.5 -0.007813
255 255 255 193
0.152378 0.44174
0.782938 0.44174
1 1 1 1
1 0 0 0
0.150792 -0.000031 -0.662099
0.382813 0 -0.921875
255 255 255 213
0.273766 0.711416
0.269173 1.034243
1 1 1 1
1 0 0 0
0.139317 0.057711 -0.662099
0.351563 0.140625 -0.921875
255 255 255 213
0.260643 0.777687
0.676642 1.034243
1 1 1 1
1 0 0 0
0.139317 0.057711 -0.662099
0.351563 0.140625 -0.921875
255 255 255 213
0.260643 0.777687
-0.140919 1.034243
1 1 1 1
1 0 0 0
0.106632 0.106632 -0.662099
0.265625 0.265625 -0.921875
255 255 255 213
0.273766 0.843958
0.269173 1.034243
1 1 1 1
1 0 0 0
0.057711 0.139317 -0.662099
0.140625 0.351563 -0.921875
255 255 255 213
0.311823 0.900387
0.672705 1.034243
1 1 1 1
1 0 0 0
0.057711 0.139317 -0.662099
0.140625 0.351563 -0.921875
255 255 255 213
0.311823 0.655644
-0.136982 1.034243
1 1 1 1
1 0 0 0
-0.000031 0.150792 -0.662099
0 0.382813 -0.921875
255 255 255 213
0.273766 0.711416
0.269173 1.034243
1 1 1 1
1 0 0 0
-0.057741 0.139317 -0.662099
-0.148438 0.351563 -0.921875
255 255 255 213
0.260643 0.777687
0.676642 1.034243
1 1 1 1
1 0 0 0
-0.057741 0.139317 -0.662099
-0.148438 0.351563 -0.921875
255 255 255 213
0.260643 0.777687
-0.140919 1.034243
1 1 1 1
1 0 0 0
-0.106662 0.106632 -0.662099
-0.273438 0.265625 -0.921875
255 255 255 213
0.273766 0.843958
0.269173 1.034243
1 1 1 1
1 0 0 0
-0.139348 0.057711 -0.662099
-0.359375 0.140625 -0.921875
255 255 255 213
0.311823 0.900387
0.672705 1.034243
1 1 1 1
1 0 0 0
-0.150823 -0.000031 -0.662099
-0.390625 0 -0.921875
255 255 255 213
0.273766 0.843958
0.269173 1.034243
1 1 1 1
1 0 0 0
-0.139348 -0.057741 -0.662099
-0.359375 -0.148438 -0.921875
255 255 255 213
0.260643 0.777687
-0.140919 1.034243
1 1 1 1
1 0 0 0
-0.139348 -0.057741 -0.662099
-0.359375 -0.148438 -0.921875
255 255 255 213
0.260643 0.777687
0.676642 1.034243
1 1 1 1
1 0 0 0
-0.106662 -0.106662 -0.662099
-0.273438 -0.273438 -0.921875
255 255 255 213
0.273766 0.711416
0.269173 1.034243
1 1 1 1
1 0 0 0
-0.057741 -0.139348 -0.662099
-0.148438 -0.359375 -0.921875
255 255 255 213
0.311823 0.655644
-0.136982 1.034243
1 1 1 1
1 0 0 0
-0.057741 -0.139348 -0.662099
-0.148438 -0.359375 -0.921875
255 255 255 213
0.311823 0.900387
0.672705 1.034243
1 1 1 1
1 0 0 0
0 -0.150823 -0.662099
0 -0.390625 -0.921875
255 255 255 213
0.273766 0.843958
0.269173 1.034243
1 1 1 1
1 0 0 0
0.057711 -0.139348 -0.662099
0.140625 -0.359375 -0.921875
255 255 255 213
0.260643 0.777687
-0.140919 1.034243
1 1 1 1
1 0 0 0
0.057711 -0.139348 -0.662099
0.140625 -0.359375 -0.921875
255 255 255 213
0.260643 0.777687
0.676642 1.034243
1 1 1 1
1 0 0 0
-0.101535 0.101505 -0.655843
0.132813 -0.140625 -0.976563
255 255 255 213
0.281639 0.840677
0.269173 0.966658
1 1 1 1
1 0 0 0
-0.057039 -0.023621 -0.691916
-0.203125 -0.085938 -0.976563
255 255 255 208
0.363003 0.777687
0.435835 0.418776
1 1 1 1
1 0 0 0
-0.023621 -0.057039 -0.691916
-0.085938 -0.203125 -0.976563
255 255 255 208
0.383999 0.727821
0.103169 0.418776
1 1 1 1
1 0 0 0
-0.061739 -0.000031 -0.691916
-0.21875 -0.007813 -0.976563
255 255 255 208
0.368252 0.805246
0.269173 0.418776
1 1 1 1
1 0 0 0
-0.057039 -0.023621 -0.691916
-0.203125 -0.085938 -0.976563
255 255 255 208
0.363003 0.777687
0.104481 0.418776
1 1 1 1
1 0 0 0
-0.057039 0.023591 -0.691916
-0.203125 0.078125 -0.976563
255 255 255 208
0.383999 0.828211
0.437803 0.418776
1 1 1 1
1 0 0 0
-0.068606 -0.068606 -0.679373
-0.320313 -0.320313 -0.890625
255 255 255 213
0.330851 0.735039
0.269173 0.654987
1 1 1 1
1 0 0 0
0.054933 -0.132664 -0.655843
-0.078125 0.171875 -0.976563
255 255 255 213
0.269173 0.777687
-0.121235 0.966658
1 1 1 1
1 0 0 0
-0.054964 -0.132664 -0.655843
0.070313 0.171875 -0.976563
255 255 255 213
0.317072 0.894482
0.653675 0.966658
1 1 1 1
1 0 0 0
0.037111 -0.089633 -0.679373
0.164063 -0.414063 -0.890625
255 255 255 213
0.322321 0.777687
0.00737 0.654987
1 1 1 1
1 0 0 0
-0.089633 -0.037141 -0.679373
-0.414063 -0.171875 -0.890625
255 255 255 213
0.322321 0.777687
0.00737 0.654987
1 1 1 1
1 0 0 0
-0.068606 0.068575 -0.679373
-0.320313 0.3125 -0.890625
255 255 255 213
0.330851 0.820337
0.269173 0.654987
1 1 1 1
1 0 0 0
-0.089633 0.037111 -0.679373
-0.414063 0.164063 -0.890625
255 255 255 213
0.355129 0.856426
0.530975 0.654987
1 1 1 1
1 0 0 0
0.131901 0.054628 -0.548113
0.835938 0.34375 0.382813
255 255 255 213
1.375439 0.158285
3.224464 -0.294458
1 1 1 1
1 0 0 0
0.142766 -0.000031 -0.548113
0.90625 0 0.382813
255 255 255 213
1.431211 0.158285
3.036806 -0.294458
1 1 1 1
1 0 0 0
0.152318 0.063082 -0.599811
0.835938 0.34375 0.382813
255 255 255 213
1.375439 0.109074
3.224464 0.009995
1 1 1 1
1 0 0 0
0.100955 0.100955 -0.548113
0.640625 0.640625 0.382813
255 255 255 213
1.328852 0.158285
3.383251 -0.294458
1 1 1 1
1 0 0 0
0.116581 0.116581 -0.599811
0.640625 0.640625 0.382813
255 255 255 213
1.328852 0.109074
3.383251 0.009995
1 1 1 1
1 0 0 0
-0.100986 0.100955 -0.548113
-0.648438 0.640625 0.382813
255 255 255 213
1.960722 0.157629
1.246834 -0.293802
1 1 1 1
1 0 0 0
-0.152348 0.063082 -0.599811
-0.84375 0.34375 0.382813
255 255 255 213
1.9102 0.109074
1.416777 0.009338
1 1 1 1
1 0 0 0
-0.116611 0.116581 -0.599811
-0.648438 0.640625 0.382813
255 255 255 213
1.960722 0.109074
1.246834 0.009338
1 1 1 1
1 0 0 0
0 -0.142796 -0.548113
0 -0.914063 0.382813
255 255 255 213
1.643803 0.158285
2.318323 -0.294458
1 1 1 1
1 0 0 0
0.063082 -0.152348 -0.599811
0.34375 -0.84375 0.382813
255 255 255 213
1.58803 0.109074
2.505981 0.009995
1 1 1 1
1 0 0 0
0 -0.164922 -0.599811
0 -0.914063 0.382813
255 255 255 213
1.643803 0.109074
2.318323 0.009995
1 1 1 1
1 0 0 0
-0.01413 0.003632 -0.13065
-0.960938 0.257813 -0.007813
255 255 255 193
-0.017563 0.457487
0.612995 0.457487
1 1 1 1
1 0 0 0
-0.007263 0.012513 -0.380108
-0.5 0.851563 -0.007813
255 255 255 193
0.152378 0.471924
0.782938 0.471924
1 1 1 1
1 0 0 0
-0.0141 0.003601 -0.380108
-0.960938 0.257813 -0.007813
255 255 255 193
0.152378 0.457487
0.782938 0.457487
1 1 1 1
1 0 0 0
0.014069 -0.003937 -0.380108
0.953125 -0.265625 -0.007813
255 255 255 193
0.152378 0.520477
0.782938 0.520477
1 1 1 1
1 0 0 0
0 -0.086734 -0.591296
0 -0.984375 0.125
255 255 255 193
0.348568 -0.40469
0.153034 -0.185537
1 1 1 1
1 0 0 0
0 -0.061708 -0.401624
0 -0.859375 0.5
255 255 255 213
0.349224 -0.224907
0.156973 0.691076
1 1 1 1
1 0 0 0
-0.086734 -0.000031 -0.591296
-0.984375 0 0.125
255 255 255 193
0.447645 -0.40469
0.635304 -0.18685
1 1 1 1
1 0 0 0
-0.043641 -0.043641 -0.401624
-0.609375 -0.609375 0.5
255 255 255 213
0.398434 -0.224907
0.397121 0.69042
1 1 1 1
1 0 0 0
0.012574 -0.000031 -0.372112
0.507813 -0.007813 0.84375
255 255 255 193
0.254738 -0.183569
-0.302988 0.891857
1 1 1 1
1 0 0 0
0.043611 -0.043641 -0.401624
0.601563 -0.609375 0.5
255 255 255 213
0.299357 -0.224907
-0.08777 0.692389
1 1 1 1
1 0 0 0
0 0.012574 -0.372112
0 0.507813 0.84375
255 255 255 193
0.545412 -0.184881
1.114292 0.88792
1 1 1 1
1 0 0 0
0.008881 0.008881 -0.372112
0.359375 0.359375 0.84375
255 255 255 193
0.571001 -0.184881
1.238304 0.885296
1 1 1 1
1 0 0 0
-0.008911 -0.008911 -0.372112
-0.367188 -0.367188 0.84375
255 255 255 193
0.401058 -0.184881
0.408934 0.888577
1 1 1 1
1 0 0 0
-0.012604 -0.000031 -0.372112
-0.515625 0 0.84375
255 255 255 193
0.45027 -0.184225
0.649082 0.889233
1 1 1 1
1 0 0 0
0.012635 0.007172 -0.380108
0.859375 0.492188 -0.007813
255 255 255 193
0.152378 0.502762
0.782938 0.502762
1 1 1 1
1 0 0 0
0.008881 -0.008911 -0.372112
0.359375 -0.367188 0.84375
255 255 255 193
0.301981 -0.184225
-0.074648 0.890545
1 1 1 1
1 0 0 0
0.003784 0.013977 -0.380108
0.25 0.953125 -0.007813
255 255 255 193
0.152378 0.488983
0.782938 0.488983
1 1 1 1
1 0 0 0
0.003784 0.014008 -0.13065
0.25 0.953125 -0.007813
255 255 255 202
-0.017563 0.488983
0.612995 0.488983
1 1 1 1
1 0 0 0
-0.007294 0.012543 -0.13065
-0.5 0.851563 -0.007813
255 255 255 202
-0.017563 0.471924
0.612995 0.471924
1 1 1 1
1 0 0 0
0.014069 -0.003937 -0.13065
0.953125 -0.265625 -0.007813
255 255 255 202
-0.017563 0.520477
0.612995 0.520477
1 1 1 1
1 0 0 0
-0.061708 -0.000031 -0.401624
-0.859375 0 0.5
255 255 255 213
0.447645 -0.224907
0.636616 0.689764
1 1 1 1
1 0 0 0
-0.061342 -0.061342 -0.591296
-0.703125 -0.703125 0.125
255 255 255 193
0.397778 -0.40469
0.394497 -0.186194
1 1 1 1
1 0 0 0
0.061312 -0.061342 -0.591296
0.695313 -0.703125 0.125
255 255 255 193
0.2987 -0.40469
-0.089083 -0.184225
1 1 1 1
1 0 0 0
0.008881 0.008881 -0.372112
0.359375 0.359375 0.84375
255 255 255 193
0.227181 -0.184225
-0.440123 0.891201
1 1 1 1
1 0 0 0
-0.008911 0.008881 -0.372112
-0.367188 0.359375 0.84375
255 255 255 193
0.499481 -0.184881
0.889233 0.88792
1 1 1 1
1 0 0 0
0 -0.012604 -0.372112
0 -0.515625 0.84375
255 255 255 193
0.351193 -0.184225
0.166815 0.889233
1 1 1 1
1 0 0 0
0.012665 0.007202 -0.13065
0.859375 0.492188 -0.007813
255 255 255 202
-0.017563 0.502762
0.612995 0.502762
1 1 1 1
1 0 0 0
0.086703 -0.000031 -0.591296
0.976563 0 0.125
255 255 255 193
0.249489 -0.404034
-0.331202 -0.182913
1 1 1 1
1 0 0 0
0.061678 -0.000031 -0.401624
0.851563 -0.007813 0.5
255 255 255 213
0.250801 -0.224251
-0.322016 0.693701
1 1 1 1
1 0 0 0
0.057009 0.023591 -0.691916
0.195313 0.078125 -0.976563
255 255 255 208
0.363003 0.777687
0.104481 0.418776
1 1 1 1
1 0 0 0
0.023591 0.057009 -0.691916
0.078125 0.195313 -0.976563
255 255 255 213
0.383999 0.828211
0.437803 0.418776
1 1 1 1
1 0 0 0
0.043641 0.043641 -0.691916
0.148438 0.148438 -0.976563
255 255 255 213
0.368252 0.805246
0.269173 0.418776
1 1 1 1
1 0 0 0
0.023591 0.057009 -0.691916
0.078125 0.195313 -0.976563
255 255 255 213
0.383999 0.727821
0.103169 0.418776
1 1 1 1
1 0 0 0
-0.023621 0.057009 -0.691916
-0.085938 0.195313 -0.976563
255 255 255 213
0.363003 0.777687
0.435835 0.418776
1 1 1 1
1 0 0 0
0 0.061708 -0.691916
0 0.210938 -0.976563
255 255 255 213
0.368252 0.750786
0.269173 0.418776
1 1 1 1
1 0 0 0
0.043611 0.043611 -0.401624
0.601563 0.601563 0.5
255 255 255 213
0.206839 -0.224251
-0.537232 0.693701
1 1 1 1
1 0 0 0
0.061312 0.061312 -0.591296
0.695313 0.695313 0.125
255 255 255 193
0.191092 -0.404034
-0.614658 -0.182913
1 1 1 1
1 0 0 0
-0.061342 0.061312 -0.591296
-0.703125 0.695313 0.125
255 255 255 193
0.497513 -0.40469
0.879391 -0.18685
1 1 1 1
1 0 0 0
-0.043641 0.043611 -0.401624
-0.609375 0.601563 0.5
255 255 255 213
0.497513 -0.224907
0.880047 0.689764
1 1 1 1
1 0 0 0
0 0.061678 -0.401624
0 0.851563 0.5
255 255 255 213
0.545412 -0.224907
1.11298 0.689764
1 1 1 1
1 0 0 0
0.043611 0.043611 -0.401624
0.601563 0.601563 0.5
255 255 255 213
0.589373 -0.224907
1.326883 0.689764
1 1 1 1
1 0 0 0
0.061312 0.061312 -0.591296
0.695313 0.695313 0.125
255 255 255 193
0.605122 -0.40469
1.406935 -0.18685
1 1 1 1
1 0 0 0
0 0.086703 -0.591296
0 0.976563 0.125
255 255 255 193
0.54738 -0.40469
1.123478 -0.18685
1 1 1 1
1 0 0 0
-0.043672 0.043641 -0.691916
-0.15625 0.148438 -0.976563
255 255 255 213
0.368252 0.805246
0.269173 0.418776
1 1 1 1
1 0 0 0
-0.023621 0.057009 -0.691916
-0.085938 0.195313 -0.976563
255 255 255 213
0.363003 0.777687
0.104481 0.418776
1 1 1 1
1 0 0 0
0.100955 -0.100986 -0.548113
0.640625 -0.648438 0.382813
255 255 255 213
1.537508 0.158285
2.677893 -0.294458
1 1 1 1
1 0 0 0
0.116581 -0.116611 -0.599811
0.640625 -0.648438 0.382813
255 255 255 213
1.537508 0.109074
2.677893 0.009995
1 1 1 1
1 0 0 0
-0.100986 -0.100986 -0.548113
-0.648438 -0.648438 0.382813
255 255 255 213
1.749443 0.157629
1.961378 -0.294458
1 1 1 1
1 0 0 0
-0.142796 -0.000031 -0.548113
-0.914063 -0.007813 0.382813
255 255 255 213
1.855083 0.157629
1.604435 -0.293802
1 1 1 1
1 0 0 0
-0.164922 -0.000031 -0.599811
-0.914063 -0.007813 0.382813
255 255 255 213
1.855083 0.109074
1.604435 0.009995
1 1 1 1
1 0 0 0
-0.000031 0.142766 -0.548113
-0.007813 0.90625 0.382813
255 255 255 213
2.066362 0.158285
0.889233 -0.297083
1 1 1 1
1 0 0 0
0.116581 0.116581 -0.599811
0.640625 0.640625 0.382813
255 255 255 213
2.168722 0.108418
0.542788 0.011963
1 1 1 1
1 0 0 0
0.100955 0.100955 -0.548113
0.640625 0.640625 0.382813
255 255 255 213
2.168722 0.158285
0.542788 -0.298395
1 1 1 1
1 0 0 0
0.068575 0.068575 -0.679373
0.3125 0.3125 -0.890625
255 255 255 213
0.330851 0.820337
0.269173 0.654987
1 1 1 1
1 0 0 0
0.037111 0.089602 -0.679373
0.164063 0.40625 -0.890625
255 255 255 213
0.355129 0.69895
0.008026 0.654987
1 1 1 1
1 0 0 0
-0.054964 0.132633 -0.655843
0.070313 -0.179688 -0.976563
255 255 255 213
0.269173 0.777687
0.656958 0.966658
1 1 1 1
1 0 0 0
-0.037141 0.089602 -0.679373
-0.171875 0.40625 -0.890625
255 255 255 213
0.322321 0.777687
0.00737 0.654987
1 1 1 1
1 0 0 0
-0.054964 0.132633 -0.655843
0.070313 -0.179688 -0.976563
255 255 255 213
0.269173 0.777687
-0.121235 0.966658
1 1 1 1
1 0 0 0
-0.132664 -0.054964 -0.655843
0.171875 0.070313 -0.976563
255 255 255 213
0.269173 0.777687
0.656958 0.966658
1 1 1 1
1 0 0 0
-0.101535 -0.101535 -0.655843
0.132813 0.132813 -0.976563
255 255 255 213
0.281639 0.714697
0.269173 0.966658
1 1 1 1
1 0 0 0
-0.054964 -0.132664 -0.655843
0.070313 0.171875 -0.976563
255 255 255 213
0.317072 0.661551
-0.117954 0.966658
1 1 1 1
1 0 0 0
0.037111 -0.089633 -0.679373
0.164063 -0.414063 -0.890625
255 255 255 213
0.322321 0.777687
0.531632 0.654987
1 1 1 1
1 0 0 0
0.089602 -0.037141 -0.679373
0.40625 -0.171875 -0.890625
255 255 255 213
0.355129 0.69895
0.008026 0.654987
1 1 1 1
1 0 0 0
0.132633 -0.054964 -0.655843
-0.179688 0.070313 -0.976563
255 255 255 213
0.317072 0.661551
-0.117954 0.966658
1 1 1 1
1 0 0 0
0.043641 -0.043672 -0.691916
0.148438 -0.15625 -0.976563
255 255 255 213
0.368252 0.750786
0.269173 0.418776
1 1 1 1
1 0 0 0
0.057009 0.023591 -0.691916
0.195313 0.078125 -0.976563
255 255 255 208
0.363003 0.777687
0.435835 0.418776
1 1 1 1
1 0 0 0
0 -0.000031 -0.705405
0 0 -0.992188
255 255 255 208
0.433867 0.777687
0.269173 0.006058
1 1 1 1
1 0 0 0
-0.131932 0.054628 -0.548113
0 0 0.992188
255 255 255 213
1.622807 0.687796
1.622807 0.687796
1 1 1 1
1 0 0 0
0.116916 -0.116947 -0.60625
0.671875 -0.679688 -0.257813
255 255 255 213
1.534227 0.112354
2.689047 -0.010345
1 1 1 1
1 0 0 0
0.139317 -0.057741 -0.662099
0.351563 -0.148438 -0.921875
255 255 255 213
1.479767 0.061831
2.871456 0.303293
1 1 1 1
1 0 0 0
-0.100986 0.100955 -0.548113
0 0 0.992188
255 255 255 213
1.574251 0.667456
1.574251 0.667456
1 1 1 1
1 0 0 0
-0.054659 0.131901 -0.548113
0 0 0.992188
255 255 255 213
1.536852 0.630055
1.536852 0.630055
1 1 1 1
1 0 0 0
-0.131932 -0.054659 -0.548113
0 0 0.992188
255 255 255 213
1.72451 0.668112
1.72451 0.668112
1 1 1 1
1 0 0 0
-0.142796 -0.000031 -0.548113
0 0 0.992188
255 255 255 213
1.675955 0.688452
1.675955 0.688452
1 1 1 1
1 0 0 0
-0.054659 -0.131932 -0.548113
0 0 0.992188
255 255 255 213
1.782251 0.582155
1.782251 0.582155
1 1 1 1
1 0 0 0
0.131901 -0.054659 -0.548113
0 0 0.992188
255 255 255 213
1.676611 0.422712
1.676611 0.422712
1 1 1 1
1 0 0 0
0.100955 -0.100986 -0.548113
0 0 0.992188
255 255 255 213
1.725166 0.443708
1.725166 0.443708
1 1 1 1
1 0 0 0
0.131901 0.054628 -0.548113
0 0 0.992188
255 255 255 213
1.574907 0.443052
1.574907 0.443052
1 1 1 1
1 0 0 0
0.142766 -0.000031 -0.548113
0 0 0.992188
255 255 255 213
1.624119 0.422712
1.624119 0.422712
1 1 1 1
1 0 0 0
0.054628 0.131901 -0.548113
0 0 0.992188
255 255 255 213
1.517166 0.528351
1.517166 0.528351
1 1 1 1
1 0 0 0
0.100955 0.100955 -0.548113
0 0 0.992188
255 255 255 213
1.537508 0.479797
1.537508 0.479797
1 1 1 1
1 0 0 0
0.132633 0.054933 -0.655843
-0.179688 -0.078125 -0.976563
255 255 255 213
0.269173 0.777687
0.656958 0.966658
1 1 1 1
1 0 0 0
0.089602 0.037111 -0.679373
0.40625 0.164063 -0.890625
255 255 255 213
0.322321 0.777687
0.531632 0.654987
1 1 1 1
1 0 0 0
0.116916 0.116916 -0.60625
0.671875 0.671875 -0.257813
255 255 255 213
1.320322 0.112354
3.412123 -0.010345
1 1 1 1
1 0 0 0
0.150792 -0.000031 -0.662099
0.382813 0 -0.921875
255 255 255 213
1.425962 0.061831
3.053209 0.303293
1 1 1 1
1 0 0 0
0.139317 0.057711 -0.662099
0.351563 0.140625 -0.921875
255 255 255 213
1.372814 0.061831
3.234306 0.303293
1 1 1 1
1 0 0 0
0.106632 0.106632 -0.662099
0.265625 0.265625 -0.921875
255 255 255 213
1.320322 0.061831
3.412123 0.303293
1 1 1 1
1 0 0 0
0.106632 0.106632 -0.662099
0.265625 0.265625 -0.921875
255 255 255 213
2.183813 0.061831
0.49292 0.302637
1 1 1 1
1 0 0 0
0.116916 0.116916 -0.60625
0.671875 0.671875 -0.257813
255 255 255 213
2.183813 0.112354
0.491608 -0.009689
1 1 1 1
1 0 0 0
0.063265 0.152776 -0.60625
0.367188 0.882813 -0.257813
255 255 255 213
2.135258 0.112354
0.656958 -0.010345
1 1 1 1
1 0 0 0
0.057711 0.139317 -0.662099
0.140625 0.351563 -0.921875
255 255 255 213
2.135258 0.061831
0.656958 0.302637
1 1 1 1
1 0 0 0
-0.057741 0.139317 -0.662099
-0.148438 0.351563 -0.921875
255 255 255 213
2.021744 0.061831
1.040804 0.302637
1 1 1 1
1 0 0 0
-0.116947 0.116916 -0.60625
-0.679688 0.671875 -0.257813
255 255 255 213
1.965971 0.112354
1.228462 -0.010345
1 1 1 1
1 0 0 0
-0.106662 0.106632 -0.662099
-0.273438 0.265625 -0.921875
255 255 255 213
1.965971 0.061831
1.228462 0.302637
1 1 1 1
1 0 0 0
-0.152806 0.063265 -0.60625
-0.890625 0.367188 -0.257813
255 255 255 213
1.910856 0.112354
1.414808 -0.010345
1 1 1 1
1 0 0 0
-0.139348 0.057711 -0.662099
-0.359375 0.140625 -0.921875
255 255 255 213
1.910856 0.061831
1.414808 0.302637
1 1 1 1
1 0 0 0
-0.16541 -0.000031 -0.60625
-0.960938 -0.007813 -0.257813
255 255 255 213
1.857052 0.112354
1.597218 -0.010345
1 1 1 1
1 0 0 0
-0.116947 -0.116947 -0.60625
-0.679688 -0.679688 -0.257813
255 255 255 213
1.749443 0.112354
1.961378 -0.010345
1 1 1 1
1 0 0 0
-0.106662 -0.106662 -0.662099
-0.273438 -0.273438 -0.921875
255 255 255 213
1.749443 0.061831
1.961378 0.302637
1 1 1 1
1 0 0 0
-0.063295 -0.152806 -0.60625
-0.375 -0.890625 -0.257813
255 255 255 213
1.695639 0.112354
2.142475 -0.010345
1 1 1 1
1 0 0 0
-0.057741 -0.139348 -0.662099
-0.148438 -0.359375 -0.921875
255 255 255 213
1.695639 0.061831
2.142475 0.303293
1 1 1 1
1 0 0 0
0 -0.16541 -0.60625
0 -0.960938 -0.257813
255 255 255 213
1.641834 0.112354
2.324884 -0.010345
1 1 1 1
1 0 0 0
0 -0.150823 -0.662099
0 -0.390625 -0.921875
255 255 255 213
1.641834 0.061831
2.324884 0.303293
1 1 1 1
1 0 0 0
0.106632 -0.106662 -0.662099
0.265625 -0.273438 -0.921875
255 255 255 213
1.534227 0.061831
2.689047 0.303293
1 1 1 1
1 0 0 0
0.152776 -0.063295 -0.60625
0.882813 -0.375 -0.257813
255 255 255 213
1.479767 0.112354
2.871456 -0.010345
1 1 1 1
1 0 0 0
-0.100986 -0.100986 -0.548113
0 0 0.992188
255 255 255 213
1.761909 0.631367
1.761909 0.631367
1 1 1 1
1 0 0 0
0.054628 -0.131932 -0.548113
0 0 0.992188
255 255 255 213
1.762566 0.48111
1.762566 0.48111
1 1 1 1
1 0 0 0
0 -0.142796 -0.548113
0 0 0.992188
255 255 255 213
1.782907 0.529663
1.782907 0.529663
1 1 1 1
1 0 0 0
-0.000031 0.142766 -0.548113
0 0 0.992188
255 255 255 213
1.517166 0.581499
1.517166 0.581499
1 1 1 1
1 0 0 0
0.096988 -0.000031 -0.679373
0.445313 0 -0.890625
255 255 255 213
0.330851 0.735039
0.269173 0.654987
1 1 1 1
1 0 0 0
0.143559 -0.000031 -0.655843
-0.195313 0 -0.976563
255 255 255 213
0.281639 0.714697
0.269173 0.966658
1 1 1 1
1 0 0 0
0.16538 -0.000031 -0.60625
0.953125 0 -0.257813
255 255 255 213
1.425962 0.112354
3.053209 -0.010345
1 1 1 1
1 0 0 0
0.152776 0.063265 -0.60625
0.882813 0.367188 -0.257813
255 255 255 213
1.372814 0.112354
3.234306 -0.010345
1 1 1 1
1 0 0 0
-0.000031 0.165349 -0.60625
-0.007813 0.953125 -0.257813
255 255 255 193
2.077517 0.112354
0.850521 -0.010345
1 1 1 1
1 0 0 0
-0.000031 0.150792 -0.662099
0 0.382813 -0.921875
255 255 255 213
2.077517 0.061831
0.850521 0.302637
1 1 1 1
1 0 0 0
-0.063295 0.152776 -0.60625
-0.375 0.882813 -0.257813
255 255 255 213
2.021744 0.112354
1.040804 -0.010345
1 1 1 1
1 0 0 0
-0.150823 -0.000031 -0.662099
-0.390625 0 -0.921875
255 255 255 213
1.857052 0.061831
1.597218 0.302637
1 1 1 1
1 0 0 0
-0.152806 -0.063295 -0.60625
-0.890625 -0.375 -0.257813
255 255 255 213
1.803247 0.112354
1.779625 -0.010345
1 1 1 1
1 0 0 0
-0.139348 -0.057741 -0.662099
-0.359375 -0.148438 -0.921875
255 255 255 213
1.803247 0.061831
1.779625 0.302637
1 1 1 1
1 0 0 0
0.063265 -0.152806 -0.60625
0.367188 -0.890625 -0.257813
255 255 255 213
1.58803 0.112354
2.506638 -0.010345
1 1 1 1
1 0 0 0
0.057711 -0.139348 -0.662099
0.140625 -0.359375 -0.921875
255 255 255 213
1.58803 0.061831
2.506638 0.303293
1 1 1 1
1 0 0 0
302
44 30 31
31 41 44
40 44 41
41 42 40
42 41 6
6 7 42
7 6 8
8 9 7
41 31 32
32 6 41
6 32 33
33 8 6
8 33 1
1 10 8
9 8 10
10 11 9
11 10 12
12 13 11
13 12 14
14 15 13
10 1 0
0 12 10
12 0 2
2 14 12
14 2 3
3 16 14
15 14 16
16 17 15
17 16 18
18 19 17
19 18 20
20 21 19
16 3 4
4 18 16
18 4 5
5 20 18
97 22 23
23 98 97
96 97 98
98 99 96
99 98 49
49 47 99
47 49 36
36 34 47
98 23 24
24 49 98
49 24 25
25 36 49
36 25 26
26 35 36
34 36 35
35 43 34
43 35 39
39 37 43
37 39 38
38 45 37
35 26 27
27 39 35
39 27 28
28 38 39
38 28 29
29 46 38
45 38 46
46 48 45
125 126 135
135 60 125
124 125 60
60 136 124
63 136 60
60 64 63
63 64 54
54 58 63
64 60 135
135 137 64
64 137 56
56 54 64
50 54 56
50 58 54
122 123 212
212 211 122
121 122 211
211 210 121
67 210 211
211 134 67
67 134 53
53 129 67
134 211 212
212 68 134
134 68 130
130 53 134
218 53 130
218 129 53
119 120 66
66 70 119
118 119 70
70 69 118
117 118 69
69 128 117
116 117 128
128 209 116
71 70 66
70 71 140
140 69 70
69 140 139
139 128 69
128 139 208
208 209 128
66 138 71
71 138 132
132 131 71
140 71 131
131 133 140
139 140 133
133 195 139
208 139 195
195 196 208
50 196 195
50 131 132
50 133 131
50 195 133
114 115 207
207 73 114
113 114 73
73 79 113
206 79 73
73 74 206
206 74 186
186 184 206
74 73 207
207 77 74
74 77 185
185 186 74
218 186 185
218 184 186
111 112 72
72 81 111
110 111 81
81 80 110
78 80 81
81 205 78
78 205 183
183 181 78
205 81 72
72 76 205
205 76 182
182 183 205
50 183 182
50 181 183
108 109 233
233 262 108
94 108 262
262 215 94
95 94 215
215 61 95
127 95 61
61 65 127
261 262 233
262 261 214
214 215 262
215 214 62
62 61 215
61 62 213
213 65 61
233 234 261
261 234 217
217 55 261
214 261 55
55 57 214
62 214 57
57 216 62
213 62 216
216 59 213
218 59 216
218 55 217
218 57 55
218 216 57
106 107 154
154 152 106
152 154 153
153 170 152
170 153 168
168 169 170
169 168 166
166 178 169
178 166 155
155 171 178
171 155 105
105 104 171
104 105 103
103 102 104
102 103 100
100 101 102
192 163 162
162 191 192
192 191 194
194 193 192
191 162 176
176 190 191
191 190 189
189 194 191
190 176 165
165 172 190
190 172 158
158 189 190
172 165 164
164 159 172
172 159 173
173 158 172
159 164 177
177 157 159
159 157 156
156 173 159
157 177 167
167 161 157
157 161 174
174 156 157
161 167 160
160 180 161
174 161 180
180 179 174
179 180 187
187 188 179
180 160 175
175 187 180
203 204 84
84 83 203
83 84 202
202 87 83
87 202 86
86 82 87
82 86 146
146 148 82
148 146 85
85 147 148
147 85 200
200 201 147
201 200 90
90 89 201
89 90 199
199 93 89
93 199 92
92 88 93
88 92 149
149 151 88
151 149 91
91 150 151
150 91 197
197 198 150
198 197 52
52 51 198
51 52 142
142 75 51
75 142 141
141 143 75
143 141 144
144 145 143
260 231 223
231 219 223
219 222 223
231 227 219
227 226 219
226 224 219
224 225 219
231 229 227
229 230 227
231 232 229
226 257 224
227 228 258
227 258 226
258 259 226
239 240 241
241 242 239
242 241 265
265 266 242
266 265 267
267 243 266
243 267 244
244 245 243
245 244 246
246 247 245
247 246 248
248 268 247
268 248 269
269 270 268
270 269 249
249 250 270
250 249 251
251 252 250
252 251 253
253 254 252
254 253 271
271 272 254
272 271 220
220 255 272
255 220 256
256 221 255
221 256 263
263 236 221
236 263 264
264 237 236
237 264 235
235 238 237
