8
River_Fish01
-1
0.000000 0.000000 0.000000 0 0 0 1
Spine
0
0.000000 -0.090063 0.063628 -0.5 0.5 0.5 -0.5
Tail
1
0.000000 -0.120297 0.066572 -0.5 -0.5 -0.5 -0.5
Head
1
0.000000 0.039383 0.066396 -0.5 0.5 0.5 -0.5
FrontRightFins
3
0.002963 0.070207 0.035497 0 0 0 -1
FrontLeftFins
3
-0.003963 0.070207 0.035497 0 0 0 -1
BackLeftFins
1
-0.003963 -0.059351 0.035497 0 0 0.152115 -0.988363
BackRightFins
1
0.002963 -0.059351 0.035497 0 0 -0.190455 -0.981696
1
sm_0
2
1
texture
0
202
0 0.19538 0.059297
0 0.984375 0.015625
255 255 255 255
0.023606 0.479751
0 1
3 1 1 1
1 0 0 0
0.015778 0.168645 0.048708
0.789063 0.398438 -0.445313
255 255 255 255
0.074038 0.534776
0 1
3 1 1 1
1 0 0 0
0 0.188727 0.051302
0 0.6875 -0.710938
255 255 255 255
0.033265 0.53769
0 1
3 1 1 1
1 0 0 0
0 0.191626 0.065676
0 0.921875 -0.359375
255 255 255 255
0.015671 0.432081
0 1
3 1 1 1
1 0 0 0
0 0.197791 0.07709
0 0.914063 0.367188
255 255 255 255
0.019913 0.340648
0 1
3 1 1 1
1 0 0 0
-0.017579 0.093814 0.023194
0.59375 -0.492188 0.617188
255 255 255 255
0.540346 0.060732
0 1
3 1 1 1
0.894118 0.105882 0 0
0.009888 0.190588 0.070406
0.726563 0.671875 -0.046875
255 255 255 255
0.035524 0.39552
0 1
3 1 1 1
1 0 0 0
0 0.191626 0.065676
0 0.921875 -0.359375
255 255 255 255
0.015671 0.432081
0 1
3 1 1 1
1 0 0 0
0 0.19538 0.059297
0 0.984375 0.015625
255 255 255 255
0.023606 0.479751
0 1
3 1 1 1
1 0 0 0
0.015778 0.168645 0.048708
0.789063 0.398438 -0.445313
255 255 255 255
0.074038 0.534776
0 1
3 1 1 1
1 0 0 0
-0.015809 0.168645 0.048708
-0.804688 0.390625 -0.4375
255 255 255 255
0.074038 0.534776
0 1
3 1 1 1
1 0 0 0
0 0.168523 0.039521
0 0.484375 -0.867188
255 255 255 255
0.062227 0.638615
0 1
3 1 1 1
1 0 0 0
-0.009919 0.190588 0.070406
-0.734375 0.671875 -0.046875
255 255 255 255
0.035524 0.39552
0 1
3 1 1 1
1 0 0 0
0 0.197791 0.07709
0 0.914063 0.367188
255 255 255 255
0.019913 0.340648
0 1
3 1 1 1
1 0 0 0
0 0.188727 0.051302
0 0.6875 -0.710938
255 255 255 255
0.033265 0.53769
0 1
3 1 1 1
1 0 0 0
0.012909 -0.086398 -0.009919
0.898438 0.03125 0.414063
255 255 255 255
0.855907 0.933226
0 1
7 1 1 1
1 0 0 0
0.008972 -0.081912 -0.002136
0.890625 0.023438 0.429688
255 255 255 255
0.835521 0.806528
0 1
7 1 1 1
1 0 0 0
0 0.177282 0.086184
0 0.335938 0.929688
255 255 255 255
0.051943 0.272759
0 1
3 1 1 1
1 0 0 0
0.004181 -0.043153 0.003723
0.921875 0.070313 0.34375
255 255 255 255
0.679907 0.739876
0 1
1 2 3 1
0.694118 0.188235 0.117647 0
0 0.131809 0.019227
0 0.359375 -0.929688
255 255 255 255
0.126072 0.79664
0 1
3 1 1 1
0.901961 0.098039 0 0
-0.018769 -0.006226 0.016266
-0.875 -0.054688 -0.476563
255 255 255 255
0.372066 0.797052
0 1
3 1 2 1
0.478431 0.47451 0.047059 0
0 -0.068636 0.104892
0 -0.195313 0.96875
255 255 255 255
0.490661 0.177297
0 1
1 2 3 1
0.705882 0.180392 0.113726 0
0 -0.005036 -0.004547
0 -0.039063 -0.992188
255 255 255 255
0.369915 0.982757
0 1
3 1 2 1
0.478431 0.47451 0.047059 0
0 -0.008484 0.109958
0 -0.039063 0.984375
255 255 255 255
0.384732 0.116596
0 1
3 1 2 1
0.478431 0.47451 0.047059 0
-0.022553 0.037385 0.017914
-0.875 -0.007813 -0.476563
255 255 255 255
0.296442 0.769601
0 1
3 1 1 1
0.603922 0.396078 0 0
-0.016266 -0.050203 0.019135
-0.882813 -0.140625 -0.445313
255 255 255 255
0.449263 0.788003
0 1
1 2 3 1
0.694118 0.188235 0.117647 0
0 0.038057 -0.004456
0 0.039063 -0.992188
255 255 255 255
0.293146 0.978912
0 1
3 1 1 1
0.603922 0.396078 0 0
0 -0.068636 0.104892
0 -0.195313 0.96875
255 255 255 255
0.490661 0.177297
0 1
1 2 3 1
0.705882 0.180392 0.113726 0
-0.015442 -0.052492 0.092196
-0.84375 -0.09375 0.507813
255 255 255 255
0.458266 0.295526
0 1
1 2 3 1
0.694118 0.188235 0.117647 0
0 -0.070376 0.115818
0.992188 0 0
255 255 255 255
0.49498 0.103946
0 1
1 1 1 1
1 0 0 0
0 -0.045625 0.123051
0.992188 0 0
255 255 255 255
0.451979 0.044298
0 1
1 1 1 1
1 0 0 0
-0.015168 -0.005737 0.098392
-0.796875 -0.03125 0.585938
255 255 255 255
0.377377 0.23986
0 1
3 1 2 1
0.478431 0.47451 0.047059 0
-0.016602 0.041902 0.095614
-0.804688 0.023438 0.578125
255 255 255 255
0.29397 0.246345
0 1
3 1 1 1
0.603922 0.396078 0 0
0 -0.049898 -0.001373
0 -0.210938 -0.976563
255 255 255 255
0.450057 0.962767
0 1
1 2 3 1
0.694118 0.188235 0.117647 0
0 0.041688 0.108951
0 0.054688 0.984375
255 255 255 255
0.294916 0.116108
0 1
3 1 1 1
0.603922 0.396078 0 0
0.004181 -0.043153 0.003723
-0.929688 -0.078125 -0.351563
255 255 255 255
0.679907 0.739876
0 1
1 2 3 1
0.694118 0.188235 0.117647 0
0.004273 -0.053957 0.00589
0.921875 0.070313 0.351563
255 255 255 255
0.722175 0.698279
0 1
1 2 3 1
0.694118 0.188235 0.117647 0
-0.024781 -0.054903 0.060915
-0.992188 -0.09375 0.039063
255 255 255 255
0.459212 0.508408
0 1
1 2 3 1
0.686275 0.196078 0.117647 0
-0.029695 -0.00998 0.05884
-0.992188 -0.0625 0.046875
255 255 255 255
0.380566 0.511582
0 1
3 1 2 1
0.478431 0.47451 0.047059 0
0 -0.085116 0.129063
0.992188 0 0
255 255 255 255
0.522584 0.020859
0 1
1 1 1 1
1 0 0 0
0.012909 -0.086398 -0.009919
-0.90625 -0.039063 -0.421875
255 255 255 255
0.855907 0.933226
0 1
7 1 1 1
1 0 0 0
0.008972 -0.081912 -0.002136
-0.898438 -0.03125 -0.4375
255 255 255 255
0.835521 0.806528
0 1
7 1 1 1
1 0 0 0
0.004273 -0.053957 0.00589
-0.929688 -0.078125 -0.359375
255 255 255 255
0.722175 0.698279
0 1
1 2 3 1
0.694118 0.188235 0.117647 0
-0.030915 0.034974 0.05829
-0.992188 -0.015625 0.0625
255 255 255 255
0.303079 0.503815
0 1
3 1 1 1
0.603922 0.396078 0 0
0 -0.070376 0.115818
-0.992188 0 0
255 255 255 255
0.49498 0.103946
0 1
1 1 1 1
1 0 0 0
0.032807 0.039155 0.001495
0.828125 0.375 -0.382813
255 255 255 255
0.782449 0.056993
0 1
4 1 1 1
1 0 0 0
0.030915 0.040529 -0.001282
0.835938 0.375 -0.367188
255 255 255 255
0.779687 0.111316
0 1
4 1 1 1
1 0 0 0
0.025086 0.059694 0.003815
0.859375 0.382813 -0.304688
255 255 255 255
0.697943 0.14893
0 1
4 1 1 1
1 0 0 0
0.012024 0.092624 0.017548
0.59375 0.492188 -0.625
255 255 255 255
0.546678 0.180075
0 1
3 1 1 1
0.894118 0.105882 0 0
0.018586 0.066164 -0.002014
0.789063 0.460938 -0.367188
255 255 255 255
0.676992 0.29397
0 1
4 1 1 1
1 0 0 0
0 0.13358 0.093692
0 0.109375 0.984375
255 255 255 255
0.129185 0.183996
0 1
3 1 1 1
0.901961 0.098039 0 0
0.019654 0.084719 0.085726
0.796875 0.03125 0.585938
255 255 255 255
0.217887 0.303644
0 1
3 1 1 1
0.85098 0.14902 0 0
0 0.085391 0.003265
0 0.234375 -0.96875
255 255 255 255
0.208518 0.920621
0 1
3 1 1 1
0.85098 0.14902 0 0
0.023011 0.130894 0.038606
0.875 0.21875 -0.414063
255 255 255 255
0.13683 0.615848
0 1
3 1 1 1
0.901961 0.098039 0 0
0.020539 0.155248 0.0824
0.8125 0.226563 0.515625
255 255 255 255
0.098239 0.340495
0 1
3 1 1 1
1 0 0 0
0.030427 0.080355 0.06357
0.976563 0.007813 0.132813
255 255 255 255
0.225379 0.460982
0 1
3 1 1 1
0.85098 0.14902 0 0
0.023377 0.083316 0.023133
0.851563 0.109375 -0.492188
255 255 255 255
0.218207 0.721931
0 1
3 1 1 1
0.85098 0.14902 0 0
0.022462 0.131504 0.086001
0.773438 0.085938 0.601563
255 255 255 255
0.13036 0.327967
0 1
3 1 1 1
0.901961 0.098039 0 0
0 0.085269 0.105106
0 0.171875 0.96875
255 255 255 255
0.216178 0.145375
0 1
3 1 1 1
0.85098 0.14902 0 0
0.003906 -0.176 0.031434
0.984375 -0.007813 -0.007813
255 255 255 255
0.842326 0.061556
0 1
2 1 1 1
0.901961 0.098039 0 0
0 -0.085116 0.129063
-0.992188 0 0
255 255 255 255
0.522584 0.020859
0 1
1 1 1 1
1 0 0 0
0 -0.045625 0.123051
-0.992188 0 0
255 255 255 255
0.451979 0.044298
0 1
1 1 1 1
1 0 0 0
-0.003967 -0.143498 0.037416
-0.992188 -0.007813 -0.007813
255 255 255 255
0.719459 0.23632
0 1
2 1 1 1
0.8 0.2 0 0
0.003937 -0.143498 0.037416
0.984375 -0.007813 -0.007813
255 255 255 255
0.719459 0.23632
0 1
2 1 1 1
0.8 0.2 0 0
-0.003967 -0.142735 0.036348
-0.992188 -0.007813 -0.007813
255 255 255 255
0.719031 0.256035
0 1
2 1 1 1
0.8 0.2 0 0
0.003937 -0.142735 0.036348
0.984375 -0.007813 -0.007813
255 255 255 255
0.719031 0.256035
0 1
2 1 1 1
0.8 0.2 0 0
0.003906 -0.16422 0.025422
0.984375 -0.007813 -0.007813
255 255 255 255
0.814386 0.231056
0 1
2 1 1 1
0.901961 0.098039 0 0
-0.003937 -0.176 0.031434
-0.992188 -0.007813 -0.007813
255 255 255 255
0.842326 0.061556
0 1
2 1 1 1
0.901961 0.098039 0 0
0.012024 0.092624 0.017548
-0.601563 -0.5 0.617188
255 255 255 255
0.546678 0.180075
0 1
3 1 1 1
0.894118 0.105882 0 0
0.017548 0.093814 0.023194
0.59375 0.484375 -0.625
255 255 255 255
0.540346 0.060732
0 1
3 1 1 1
0.894118 0.105882 0 0
0.025086 0.059694 0.003815
-0.867188 -0.390625 0.296875
255 255 255 255
0.697943 0.14893
0 1
4 1 1 1
1 0 0 0
0.018586 0.066164 -0.002014
-0.796875 -0.46875 0.359375
255 255 255 255
0.676992 0.29397
0 1
4 1 1 1
1 0 0 0
0.032807 0.039155 0.001495
-0.835938 -0.382813 0.375
255 255 255 255
0.782449 0.056993
0 1
4 1 1 1
1 0 0 0
0.030915 0.040529 -0.001282
-0.84375 -0.382813 0.359375
255 255 255 255
0.779687 0.111316
0 1
4 1 1 1
1 0 0 0
-0.009003 -0.081912 -0.002136
-0.898438 0.023438 0.429688
255 255 255 255
0.835521 0.806528
0 1
6 1 1 1
1 0 0 0
0.017548 0.093814 0.023194
-0.601563 -0.492188 0.617188
255 255 255 255
0.540346 0.060732
0 1
3 1 1 1
0.894118 0.105882 0 0
-0.004212 -0.043153 0.003723
-0.929688 0.070313 0.34375
255 255 255 255
0.679907 0.739876
0 1
1 2 3 1
0.694118 0.188235 0.117647 0
-0.004303 -0.053957 0.00589
-0.929688 0.070313 0.351563
255 255 255 255
0.722175 0.698279
0 1
1 2 3 1
0.694118 0.188235 0.117647 0
-0.004212 -0.043153 0.003723
0.921875 -0.078125 -0.351563
255 255 255 255
0.679907 0.739876
0 1
1 2 3 1
0.694118 0.188235 0.117647 0
-0.01294 -0.086398 -0.009919
-0.90625 0.03125 0.414063
255 255 255 255
0.855907 0.933226
0 1
6 1 1 1
1 0 0 0
-0.009003 -0.081912 -0.002136
0.890625 -0.03125 -0.4375
255 255 255 255
0.835521 0.806528
0 1
6 1 1 1
1 0 0 0
-0.004303 -0.053957 0.00589
0.921875 -0.078125 -0.359375
255 255 255 255
0.722175 0.698279
0 1
1 2 3 1
0.694118 0.188235 0.117647 0
-0.012055 0.092624 0.017548
-0.601563 0.492188 -0.625
255 255 255 255
0.546678 0.180075
0 1
3 1 1 1
0.894118 0.105882 0 0
-0.01294 -0.086398 -0.009919
0.898438 -0.039063 -0.421875
255 255 255 255
0.855907 0.933226
0 1
6 1 1 1
1 0 0 0
-0.030946 0.040529 -0.001282
-0.84375 0.375 -0.367188
255 255 255 255
0.779687 0.111316
0 1
5 1 1 1
1 0 0 0
-0.018616 0.066164 -0.002014
-0.796875 0.460938 -0.367188
255 255 255 255
0.676992 0.29397
0 1
5 1 1 1
1 0 0 0
-0.025117 0.059694 0.003815
-0.867188 0.382813 -0.304688
255 255 255 255
0.697943 0.14893
0 1
5 1 1 1
1 0 0 0
-0.018616 0.066164 -0.002014
0.789063 -0.46875 0.359375
255 255 255 255
0.676992 0.29397
0 1
5 1 1 1
1 0 0 0
-0.025117 0.059694 0.003815
0.859375 -0.390625 0.296875
255 255 255 255
0.697943 0.14893
0 1
5 1 1 1
1 0 0 0
-0.012055 0.092624 0.017548
0.59375 -0.5 0.617188
255 255 255 255
0.546678 0.180075
0 1
3 1 1 1
0.894118 0.105882 0 0
0 0.168523 0.039521
0 0.484375 -0.867188
255 255 255 255
0.062227 0.638615
0 1
3 1 1 1
1 0 0 0
0 0.177282 0.086184
0 0.335938 0.929688
255 255 255 255
0.051943 0.272759
0 1
3 1 1 1
1 0 0 0
-0.022492 0.131504 0.086001
-0.789063 0.101563 0.59375
255 255 255 255
0.13036 0.327967
0 1
3 1 1 1
0.901961 0.098039 0 0
-0.015809 0.168645 0.048708
-0.804688 0.390625 -0.4375
255 255 255 255
0.074038 0.534776
0 1
3 1 1 1
1 0 0 0
0 0.13358 0.093692
0 0.109375 0.984375
255 255 255 255
0.129185 0.183996
0 1
3 1 1 1
0.901961 0.098039 0 0
-0.030457 0.080355 0.06357
-0.984375 0.007813 0.132813
255 255 255 255
0.225379 0.460982
0 1
3 1 1 1
0.85098 0.14902 0 0
0.018738 -0.006226 0.016266
0.867188 -0.054688 -0.476563
255 255 255 255
0.372066 0.797052
0 1
3 1 2 1
0.478431 0.47451 0.047059 0
0.022523 0.037385 0.017914
0.867188 -0.007813 -0.476563
255 255 255 255
0.296442 0.769601
0 1
3 1 1 1
0.603922 0.396078 0 0
0 -0.049898 -0.001373
0 -0.210938 -0.976563
255 255 255 255
0.450057 0.962767
0 1
1 2 3 1
0.694118 0.188235 0.117647 0
0.016236 -0.050203 0.019135
0.875 -0.140625 -0.445313
255 255 255 255
0.449263 0.788003
0 1
1 2 3 1
0.694118 0.188235 0.117647 0
0 -0.008484 0.109958
-0.992188 0 0
255 255 255 255
0.384732 0.116596
0 1
3 1 2 1
0.478431 0.47451 0.047059 0
0 -0.068636 0.104892
0.992188 0 0
255 255 255 255
0.490661 0.177297
0 1
1 2 3 1
0.705882 0.180392 0.113726 0
0 0.085391 0.003265
0 0.234375 -0.96875
255 255 255 255
0.208518 0.920621
0 1
3 1 1 1
0.85098 0.14902 0 0
0 -0.068636 0.104892
-0.992188 0 0
255 255 255 255
0.490661 0.177297
0 1
1 2 3 1
0.705882 0.180392 0.113726 0
0.030885 0.034974 0.05829
0.984375 -0.015625 0.0625
255 255 255 255
0.303079 0.503815
0 1
3 1 1 1
0.603922 0.396078 0 0
0.003937 -0.142735 0.036348
-0.992188 0 0
255 255 255 255
0.719031 0.256035
0 1
2 1 1 1
0.8 0.2 0 0
0.003906 -0.16422 0.025422
-0.992188 0 0
255 255 255 255
0.814386 0.231056
0 1
2 1 1 1
0.901961 0.098039 0 0
0.003906 -0.176 0.031434
-0.992188 0 0
255 255 255 255
0.842326 0.061556
0 1
2 1 1 1
0.901961 0.098039 0 0
-0.003937 -0.16422 0.025422
-0.992188 -0.007813 -0.007813
255 255 255 255
0.814386 0.231056
0 1
2 1 1 1
0.901961 0.098039 0 0
0.0112 -0.096927 0.029817
0.890625 -0.164063 -0.398438
255 255 255 255
0.533326 0.730903
0 1
1 2 1 1
0.6 0.4 0 0
0.006836 -0.163396 0.045839
0.921875 -0.171875 -0.320313
255 255 255 255
0.653676 0.638127
0 1
2 1 1 1
0.901961 0.098039 0 0
0.011048 -0.094699 0.085665
0.828125 -0.148438 0.515625
255 255 255 255
0.532975 0.340892
0 1
1 2 1 1
0.6 0.4 0 0
-0.003967 -0.142735 0.036348
0.984375 0 0
255 255 255 255
0.719031 0.256035
0 1
2 1 1 1
0.8 0.2 0 0
0.020722 -0.098972 0.064974
0.976563 -0.140625 0.09375
255 255 255 255
0.537156 0.492691
0 1
1 2 1 1
0.6 0.4 0 0
0.008179 -0.164007 0.071688
0.960938 -0.109375 0.210938
255 255 255 255
0.655995 0.460921
0 1
2 1 1 1
0.901961 0.098039 0 0
-0.003937 -0.16422 0.025422
0.984375 0 0
255 255 255 255
0.814386 0.231056
0 1
2 1 1 1
0.901961 0.098039 0 0
-0.003937 -0.176 0.031434
0.984375 0 0
255 255 255 255
0.842326 0.061556
0 1
2 1 1 1
0.901961 0.098039 0 0
0.003937 -0.143498 0.037416
-0.992188 0 0
255 255 255 255
0.719459 0.23632
0 1
2 1 1 1
0.8 0.2 0 0
-0.003967 -0.143498 0.037416
0.984375 0 0
255 255 255 255
0.719459 0.23632
0 1
2 1 1 1
0.8 0.2 0 0
0 -0.164403 0.087893
-0.007813 -0.15625 0.976563
255 255 255 255
0.659566 0.337291
0 1
2 1 1 1
0.901961 0.098039 0 0
-0.017579 0.093814 0.023194
-0.601563 0.484375 -0.625
255 255 255 255
0.540346 0.060732
0 1
3 1 1 1
0.894118 0.105882 0 0
-0.032838 0.039155 0.001495
-0.835938 0.375 -0.382813
255 255 255 255
0.782449 0.056993
0 1
5 1 1 1
1 0 0 0
-0.032838 0.039155 0.001495
0.828125 -0.382813 0.375
255 255 255 255
0.782449 0.056993
0 1
5 1 1 1
1 0 0 0
-0.030946 0.040529 -0.001282
0.835938 -0.382813 0.359375
255 255 255 255
0.779687 0.111316
0 1
5 1 1 1
1 0 0 0
0 0.085269 0.105106
0 0.171875 0.96875
255 255 255 255
0.216178 0.145375
0 1
3 1 1 1
0.85098 0.14902 0 0
-0.020569 0.155248 0.0824
-0.835938 0.203125 0.492188
255 255 255 255
0.098239 0.340495
0 1
3 1 1 1
1 0 0 0
-0.019684 0.084719 0.085726
-0.804688 0.03125 0.585938
255 255 255 255
0.217887 0.303644
0 1
3 1 1 1
0.85098 0.14902 0 0
0.024751 -0.054903 0.060915
0.984375 -0.09375 0.039063
255 255 255 255
0.459212 0.508408
0 1
1 2 3 1
0.686275 0.196078 0.117647 0
0 -0.005036 -0.004547
0 -0.039063 -0.992188
255 255 255 255
0.369915 0.982757
0 1
3 1 2 1
0.478431 0.47451 0.047059 0
0 0.038057 -0.004456
0 0.039063 -0.992188
255 255 255 255
0.293146 0.978912
0 1
3 1 1 1
0.603922 0.396078 0 0
0 0.041688 0.108951
0 0.054688 0.984375
255 255 255 255
0.294916 0.116108
0 1
3 1 1 1
0.603922 0.396078 0 0
0.016572 0.041902 0.095614
0.796875 0.023438 0.578125
255 255 255 255
0.29397 0.246345
0 1
3 1 1 1
0.603922 0.396078 0 0
0 -0.008484 0.109958
0.992188 0 0
255 255 255 255
0.384732 0.116596
0 1
3 1 2 1
0.478431 0.47451 0.047059 0
0.029664 -0.00998 0.05884
0.984375 -0.0625 0.046875
255 255 255 255
0.380566 0.511582
0 1
3 1 2 1
0.478431 0.47451 0.047059 0
0.015137 -0.005737 0.098392
0.789063 -0.03125 0.585938
255 255 255 255
0.377377 0.23986
0 1
3 1 2 1
0.478431 0.47451 0.047059 0
0.015412 -0.052492 0.092196
0.835938 -0.09375 0.507813
255 255 255 255
0.458266 0.295526
0 1
1 2 3 1
0.694118 0.188235 0.117647 0
-0.023041 0.130894 0.038606
-0.882813 0.21875 -0.40625
255 255 255 255
0.13683 0.615848
0 1
3 1 1 1
0.901961 0.098039 0 0
0 -0.163762 0.035401
0 -0.351563 -0.929688
255 255 255 255
0.655049 0.723746
0 1
2 1 1 1
0.901961 0.098039 0 0
0 -0.10065 0.011933
0 -0.296875 -0.953125
255 255 255 255
0.541139 0.874569
0 1
1 2 1 1
0.6 0.4 0 0
0 -0.164403 0.087893
-0.007813 -0.15625 0.976563
255 255 255 255
0.659566 0.337291
0 1
2 1 1 1
0.901961 0.098039 0 0
-0.020753 -0.098972 0.064974
-0.984375 -0.140625 0.09375
255 255 255 255
0.537156 0.492691
0 1
1 2 1 1
0.6 0.4 0 0
-0.008209 -0.164007 0.071688
-0.96875 -0.109375 0.210938
255 255 255 255
0.655995 0.460921
0 1
2 1 1 1
0.901961 0.098039 0 0
0 -0.09299 0.101444
0 -0.1875 0.96875
255 255 255 255
0.533631 0.213233
0 1
1 2 1 1
0.6 0.4 0 0
0 -0.10065 0.011933
0 -0.296875 -0.953125
255 255 255 255
0.541139 0.874569
0 1
1 2 1 1
0.6 0.4 0 0
0 -0.325907 0.128422
0 0.421875 0.890625
255 255 255 255
0.956267 0.118381
0 1
2 1 1 1
1 0 0 0
-0.011231 -0.096927 0.029817
-0.898438 -0.164063 -0.398438
255 255 255 255
0.533326 0.730903
0 1
1 2 1 1
0.6 0.4 0 0
-0.011078 -0.094699 0.085665
-0.835938 -0.148438 0.515625
255 255 255 255
0.532975 0.340892
0 1
1 2 1 1
0.6 0.4 0 0
0.001221 -0.214393 0.084841
0 0.179688 0.96875
255 255 255 255
0.749092 0.375469
0 1
2 1 1 1
1 0 0 0
0.001892 -0.259438 0.097049
0 0.335938 0.929688
255 255 255 255
0.832759 0.303659
0 1
2 1 1 1
1 0 0 0
0 -0.09299 0.101444
0 -0.1875 0.96875
255 255 255 255
0.533631 0.213233
0 1
1 2 1 1
0.6 0.4 0 0
0 -0.27253 0.066897
-0.992188 -0.03125 -0.054688
255 255 255 255
0.853847 0.514969
0 1
2 1 1 1
1 0 0 0
-0.023408 0.083316 0.023133
-0.859375 0.109375 -0.492188
255 255 255 255
0.218207 0.721931
0 1
3 1 1 1
0.85098 0.14902 0 0
0 0.131809 0.019227
0 0.359375 -0.929688
255 255 255 255
0.126072 0.79664
0 1
3 1 1 1
0.901961 0.098039 0 0
0 -0.008484 0.109958
0 -0.039063 0.984375
255 255 255 255
0.384732 0.116596
0 1
3 1 2 1
0.478431 0.47451 0.047059 0
-0.001923 -0.259438 0.097049
-0.992188 -0.046875 -0.03125
255 255 255 255
0.832759 0.303659
0 1
2 1 1 1
1 0 0 0
0 -0.325907 0.128422
-0.992188 0 0.070313
255 255 255 255
0.956267 0.118381
0 1
2 1 1 1
1 0 0 0
0 -0.340892 0.129795
-0.992188 -0.015625 0
255 255 255 255
0.983139 0.116108
0 1
2 1 1 1
1 0 0 0
-0.006867 -0.163396 0.045839
-0.929688 -0.171875 -0.320313
255 255 255 255
0.653676 0.638127
0 1
2 1 1 1
0.901961 0.098039 0 0
0 -0.163762 0.035401
0 -0.351563 -0.929688
255 255 255 255
0.655049 0.723746
0 1
2 1 1 1
0.901961 0.098039 0 0
-0.001251 -0.214393 0.084841
0 0.179688 0.96875
255 255 255 255
0.749092 0.375469
0 1
2 1 1 1
1 0 0 0
0 -0.341777 0.126682
-0.992188 0 0
255 255 255 255
0.984314 0.137654
0 1
2 1 1 1
1 0 0 0
0 -0.329051 0.111942
-0.992188 -0.03125 -0.03125
255 255 255 255
0.959914 0.232414
0 1
2 1 1 1
1 0 0 0
0 -0.320109 0.011628
0.984375 -0.023438 -0.03125
255 255 255 255
0.937788 0.897656
0 1
2 1 1 1
1 0 0 0
0 -0.320109 0.011628
0 0.34375 -0.9375
255 255 255 255
0.937788 0.897656
0 1
2 1 1 1
1 0 0 0
0 -0.201483 0.049806
0 -0.1875 -0.976563
255 255 255 255
0.723685 0.633595
0 1
2 1 1 1
1 0 0 0
-0.001923 -0.259438 0.097049
0 0.335938 0.929688
255 255 255 255
0.832759 0.303659
0 1
2 1 1 1
1 0 0 0
-0.00174 -0.266396 0.031617
0 0.3125 -0.945313
255 255 255 255
0.842036 0.754997
0 1
2 1 1 1
1 0 0 0
0.001709 -0.266396 0.031617
0 0.3125 -0.945313
255 255 255 255
0.842036 0.754997
0 1
2 1 1 1
1 0 0 0
0 -0.324381 0.015656
0.984375 -0.03125 -0.007813
255 255 255 255
0.945586 0.870464
0 1
2 1 1 1
1 0 0 0
0.004456 -0.201697 0.056185
0.929688 -0.132813 -0.320313
255 255 255 255
0.724189 0.579257
0 1
2 1 1 1
1 0 0 0
0 -0.317972 0.02588
0.992188 0 0
255 255 255 255
0.9344 0.799661
0 1
2 1 1 1
1 0 0 0
0.001984 -0.212745 0.04825
0 0.21875 -0.96875
255 255 255 255
0.744682 0.637135
0 1
2 1 1 1
1 0 0 0
0 -0.279397 0.057161
0.984375 -0.039063 0.046875
255 255 255 255
0.866131 0.581072
0 1
2 1 1 1
1 0 0 0
-0.002014 -0.212745 0.04825
0 0.21875 -0.96875
255 255 255 255
0.744682 0.637135
0 1
2 1 1 1
1 0 0 0
0.001984 -0.212745 0.04825
0.976563 0.054688 -0.132813
255 255 255 255
0.744682 0.637135
0 1
2 1 1 1
1 0 0 0
0.001709 -0.266396 0.031617
0.984375 -0.03125 0.046875
255 255 255 255
0.842036 0.754997
0 1
2 1 1 1
1 0 0 0
0.005463 -0.201758 0.072543
0.960938 -0.101563 0.203125
255 255 255 255
0.724754 0.464858
0 1
2 1 1 1
1 0 0 0
0.001221 -0.214393 0.084841
0.960938 0.085938 0.21875
255 255 255 255
0.749092 0.375469
0 1
2 1 1 1
1 0 0 0
0.004181 -0.213202 0.071261
0.984375 -0.046875 0.085938
255 255 255 255
0.745811 0.47383
0 1
2 1 1 1
1 0 0 0
0 -0.20188 0.083651
0 -0.0625 0.984375
255 255 255 255
0.726066 0.38023
0 1
2 1 1 1
1 0 0 0
0 -0.262642 0.064303
0.984375 -0.054688 0.023438
255 255 255 255
0.8361 0.529405
0 1
2 1 1 1
1 0 0 0
0.00351 -0.212592 0.057527
0.976563 -0.046875 -0.148438
255 255 255 255
0.744469 0.571093
0 1
2 1 1 1
1 0 0 0
0.001892 -0.259438 0.097049
0.984375 -0.046875 -0.03125
255 255 255 255
0.832759 0.303659
0 1
2 1 1 1
1 0 0 0
0 -0.325907 0.128422
0.984375 0 0.070313
255 255 255 255
0.956267 0.118381
0 1
2 1 1 1
1 0 0 0
0 -0.27253 0.066897
0.984375 -0.03125 -0.054688
255 255 255 255
0.853847 0.514969
0 1
2 1 1 1
1 0 0 0
0 -0.340892 0.129795
0.984375 -0.015625 0
255 255 255 255
0.983139 0.116108
0 1
2 1 1 1
1 0 0 0
0 -0.329051 0.111942
0.984375 -0.03125 -0.03125
255 255 255 255
0.959914 0.232414
0 1
2 1 1 1
1 0 0 0
0 -0.341777 0.126682
0.992188 0 0
255 255 255 255
0.984314 0.137654
0 1
2 1 1 1
1 0 0 0
-0.004486 -0.201697 0.056185
-0.9375 -0.132813 -0.320313
255 255 255 255
0.724189 0.579257
0 1
2 1 1 1
1 0 0 0
0 -0.317972 0.02588
-0.992188 0 0
255 255 255 255
0.9344 0.799661
0 1
2 1 1 1
1 0 0 0
0 -0.320109 0.011628
-0.992188 -0.023438 -0.03125
255 255 255 255
0.937788 0.897656
0 1
2 1 1 1
1 0 0 0
0 -0.201483 0.049806
0 -0.1875 -0.976563
255 255 255 255
0.723685 0.633595
0 1
2 1 1 1
1 0 0 0
-0.00174 -0.266396 0.031617
-0.992188 -0.03125 0.046875
255 255 255 255
0.842036 0.754997
0 1
2 1 1 1
1 0 0 0
0 -0.324381 0.015656
-0.992188 -0.03125 -0.007813
255 255 255 255
0.945586 0.870464
0 1
2 1 1 1
1 0 0 0
-0.002014 -0.212745 0.04825
-0.984375 0.054688 -0.132813
255 255 255 255
0.744682 0.637135
0 1
2 1 1 1
1 0 0 0
0 -0.279397 0.057161
-0.992188 -0.039063 0.046875
255 255 255 255
0.866131 0.581072
0 1
2 1 1 1
1 0 0 0
-0.001251 -0.214393 0.084841
-0.96875 0.085938 0.21875
255 255 255 255
0.749092 0.375469
0 1
2 1 1 1
1 0 0 0
-0.005493 -0.201758 0.072543
-0.96875 -0.101563 0.203125
255 255 255 255
0.724754 0.464858
0 1
2 1 1 1
1 0 0 0
-0.004212 -0.213202 0.071261
-0.992188 -0.046875 0.085938
255 255 255 255
0.745811 0.47383
0 1
2 1 1 1
1 0 0 0
0 -0.20188 0.083651
0 -0.0625 0.984375
255 255 255 255
0.726066 0.38023
0 1
2 1 1 1
1 0 0 0
0 -0.262642 0.064303
-0.992188 -0.054688 0.023438
255 255 255 255
0.8361 0.529405
0 1
2 1 1 1
1 0 0 0
-0.00354 -0.212592 0.057527
-0.984375 -0.046875 -0.148438
255 255 255 255
0.744469 0.571093
0 1
2 1 1 1
1 0 0 0
218
3 0 1
8 7 10
15 16 36
36 18 15
40 35 42
42 41 40
48 49 47
47 69 48
69 47 46
46 45 69
71 68 70
75 70 68
73 70 75
75 72 73
77 74 79
79 76 77
81 78 83
83 80 81
85 82 86
120 86 82
84 86 120
120 121 84
89 87 88
88 5 89
5 88 123
123 122 5
0 2 9
2 11 9
19 9 11
19 53 9
54 9 53
54 6 9
3 9 6
4 3 6
4 6 54
4 54 17
54 50 17
56 53 19
53 56 55
55 57 53
53 57 54
57 50 54
50 57 51
51 58 50
58 51 131
131 130 58
19 52 56
56 52 129
129 97 56
55 56 97
97 104 55
51 55 104
51 57 55
96 97 129
104 97 96
96 133 104
131 104 133
104 131 51
129 128 96
96 128 98
98 99 96
133 96 99
99 127 133
134 133 127
133 134 131
130 131 134
134 153 130
21 153 134
109 99 98
99 109 113
113 127 99
135 127 113
127 135 134
134 135 21
21 135 111
111 142 21
142 111 114
114 119 142
98 138 109
110 109 138
113 109 110
110 114 113
113 114 111
113 111 135
138 137 110
110 137 164
164 169 110
114 110 169
169 176 114
114 176 179
179 119 114
181 169 164
176 169 181
181 178 176
179 176 178
178 177 179
182 177 178
164 174 181
172 181 174
180 181 172
181 180 178
178 180 182
180 184 182
184 186 182
182 186 185
185 183 182
174 175 172
172 175 168
170 172 168
175 162 168
186 187 185
14 8 93
90 14 93
93 152 90
136 152 93
152 136 151
151 102 152
26 102 151
151 24 26
26 24 20
20 22 26
92 136 93
136 92 95
95 151 136
24 151 95
95 43 24
20 24 43
43 38 20
25 20 38
20 25 33
33 22 20
93 125 92
94 92 125
126 92 94
92 126 95
43 95 126
126 32 43
38 43 32
32 31 38
37 38 31
38 37 25
12 125 93
12 13 125
125 13 91
94 125 91
93 7 12
7 13 12
94 124 126
32 126 124
124 34 32
31 32 34
34 23 31
31 23 27
27 28 31
31 28 37
140 37 28
25 37 140
140 145 25
33 25 145
145 143 33
146 28 27
28 146 140
141 140 146
140 141 157
157 145 140
143 145 157
157 158 143
191 158 157
27 149 146
141 146 149
149 139 141
141 139 199
199 197 141
141 197 188
188 157 141
157 188 191
191 188 201
201 194 191
194 201 195
195 192 194
198 197 199
197 198 201
201 188 197
199 196 198
198 196 154
154 200 198
200 201 198
201 200 195
150 200 154
161 150 154
161 154 156
156 160 161
155 156 154
30 132 101
101 29 30
39 30 29
103 100 61
61 44 103
61 60 44
66 59 63
63 65 66
108 64 62
62 67 108
106 105 117
117 107 106
115 116 118
118 112 115
179 147 159
165 159 147
147 148 165
165 148 144
163 167 166
173 166 167
167 171 173
173 171 191
190 192 193
193 192 195
195 189 193
